105 3
371 3
172 6
197 6
206 6
232 6
264 6
320 6
336 6
340 6
342 6
206 7
264 7
92 8
201 8
206 8
342 8
92 9
89 11
201 11
218 11
240 11
342 11
89 12
201 12
240 12
342 12
89 13
162 13
165 13
201 13
342 13
201 15
89 16
201 16
342 16
92 17
201 17
342 17
201 18
342 18
178 20
240 20
274 20
278 20
284 20
303 20
304 20
306 20
34 21
320 21
340 21
382 21
195 22
123 23
124 23
142 23
143 23
201 23
218 23
113 24
123 24
142 24
143 24
176 24
181 24
201 24
303 24
304 24
310 24
325 24
326 24
336 24
340 24
124 25
142 25
143 25
144 25
146 25
152 25
153 25
157 25
158 25
181 25
201 25
218 25
124 26
142 26
144 26
146 26
152 26
153 26
158 26
172 26
176 26
181 26
195 26
197 26
199 26
303 26
304 26
312 26
325 26
336 26
124 27
143 27
172 27
176 27
195 27
197 27
201 27
240 27
325 27
326 27
336 27
89 28
201 28
180 29
167 30
89 31
176 31
178 31
181 31
278 31
284 31
303 31
304 31
89 32
109 32
113 32
178 32
201 32
274 32
284 32
303 32
304 32
310 32
342 32
34 33
35 33
102 33
124 33
142 33
144 33
146 33
152 33
153 33
157 33
158 33
176 33
181 33
193 33
195 33
197 33
199 33
201 33
218 33
288 33
298 33
320 33
340 33
89 34
105 34
114 34
125 34
128 34
146 34
201 34
322 34
323 34
324 34
325 34
335 34
338 34
340 34
382 34
288 35
298 35
310 35
312 35
320 35
324 35
325 35
326 35
327 35
335 35
336 35
340 35
382 35
338 36
312 37
382 37
312 38
338 38
382 38
312 39
335 39
338 39
382 39
312 40
335 40
338 40
382 40
89 41
124 41
143 41
153 41
157 41
158 41
172 41
176 41
181 41
193 41
195 41
197 41
199 41
206 41
218 41
232 41
236 41
240 41
264 41
274 41
278 41
284 41
288 41
298 41
303 41
304 41
306 41
310 41
312 41
324 41
325 41
326 41
327 41
335 41
336 41
342 41
382 41
109 42
113 42
176 42
178 42
274 42
278 42
109 43
113 43
176 43
178 43
274 43
278 43
284 43
153 44
163 44
167 44
172 44
176 44
181 44
192 44
193 44
194 44
195 44
197 44
199 44
218 44
303 44
304 44
306 44
312 44
325 44
327 44
336 44
340 44
89 45
172 45
176 45
181 45
197 45
199 45
288 45
298 45
303 45
304 45
312 45
320 45
324 45
325 45
326 45
327 45
335 45
336 45
340 45
382 45
382 46
109 47
113 47
176 47
278 47
312 48
312 49
33 50
82 50
85 50
87 50
88 50
89 50
92 50
93 50
95 50
100 50
106 50
109 50
113 50
123 50
124 50
125 50
132 50
142 50
143 50
144 50
146 50
152 50
153 50
157 50
158 50
176 50
181 50
195 50
197 50
201 50
206 50
217 50
224 50
225 50
232 50
235 50
236 50
237 50
240 50
241 50
249 50
259 50
264 50
266 50
274 50
288 50
303 50
304 50
306 50
342 50
343 50
345 50
350 50
352 50
353 50
355 50
356 50
357 50
358 50
361 50
363 50
364 50
371 50
373 50
383 50
109 51
178 51
93 52
93 54
95 54
109 54
113 54
124 54
142 54
143 54
201 54
218 54
240 54
123 55
125 55
142 55
143 55
33 56
59 56
82 56
89 56
92 56
93 56
95 56
100 56
125 56
201 56
218 56
225 56
236 56
237 56
240 56
249 56
342 56
343 56
344 56
345 56
350 56
352 56
358 56
364 56
371 56
89 57
227 57
249 57
343 57
89 58
106 58
227 58
249 58
343 58
113 60
142 60
143 60
144 60
152 60
153 60
181 60
153 61
162 62
163 62
192 62
152 63
167 63
181 63
218 63
152 64
165 64
181 64
218 64
142 65
146 65
152 65
153 65
157 65
158 65
162 65
163 65
172 65
176 65
181 65
192 65
193 65
194 65
195 65
197 65
199 65
206 65
264 65
324 65
325 65
335 65
336 65
340 65
123 66
146 66
152 66
153 66
165 66
146 67
152 67
153 67
162 67
163 67
165 67
166 67
167 67
176 67
193 67
195 67
33 68
153 68
157 68
158 68
172 68
195 68
197 68
201 68
89 69
109 69
113 69
142 69
144 69
146 69
152 69
181 69
142 70
146 70
152 70
172 70
197 70
327 70
101 71
105 71
109 71
123 71
124 71
134 71
135 71
139 71
142 71
144 71
145 71
146 71
151 71
152 71
153 71
181 71
203 71
204 71
207 71
113 72
124 72
142 72
143 72
144 72
146 72
152 72
153 72
176 72
181 72
193 72
199 72
206 72
102 73
109 73
113 73
124 73
142 73
144 73
146 73
201 73
33 74
142 74
143 74
33 75
153 75
157 75
158 75
33 76
82 76
92 76
93 76
101 76
105 76
109 76
113 76
123 76
124 76
134 76
143 76
151 76
201 76
202 76
203 76
204 76
205 76
87 79
88 79
89 79
100 79
132 79
152 79
162 79
163 79
164 79
167 79
180 79
224 79
225 79
167 81
218 81
5 82
8 82
10 82
11 82
12 82
13 82
15 82
16 82
17 82
18 82
22 82
23 82
24 82
27 82
28 82
32 82
41 82
50 82
51 82
52 82
54 82
56 82
57 82
60 82
68 82
69 82
73 82
76 82
85 82
89 82
93 82
95 82
100 82
101 82
105 82
106 82
109 82
111 82
112 82
113 82
114 82
115 82
123 82
201 82
215 82
217 82
222 82
224 82
225 82
236 82
237 82
240 82
244 82
249 82
259 82
262 82
265 82
267 82
272 82
284 82
285 82
286 82
288 82
301 82
342 82
343 82
344 82
345 82
346 82
350 82
351 82
352 82
358 82
364 82
383 82
89 83
93 83
95 83
101 83
8 84
9 84
74 84
76 84
92 84
93 84
96 84
99 84
101 84
102 84
104 84
105 84
107 84
108 84
109 84
113 84
125 84
204 84
205 84
217 84
226 84
227 84
228 84
229 84
232 84
242 84
243 84
246 84
253 84
254 84
257 84
258 84
259 84
260 84
261 84
264 84
269 84
282 84
345 84
346 84
352 84
364 84
201 85
218 85
201 86
79 87
88 87
89 87
100 87
113 87
114 87
132 87
133 87
134 87
140 87
145 87
162 87
163 87
164 87
167 87
170 87
180 87
203 87
206 87
219 87
221 87
224 87
225 87
50 88
64 88
79 88
90 88
134 88
170 88
182 88
226 88
227 88
364 88
3 89
8 89
11 89
12 89
15 89
18 89
23 89
24 89
25 89
32 89
34 89
41 89
50 89
56 89
57 89
58 89
73 89
76 89
88 89
93 89
101 89
113 89
114 89
135 89
137 89
160 89
201 89
215 89
224 89
225 89
226 89
228 89
229 89
236 89
237 89
240 89
242 89
243 89
245 89
259 89
262 89
265 89
266 89
267 89
282 89
288 89
293 89
301 89
342 89
343 89
344 89
345 89
346 89
350 89
351 89
352 89
353 89
355 89
357 89
359 89
364 89
371 89
383 89
84 90
88 90
91 90
92 90
93 90
96 90
99 90
101 90
102 90
104 90
105 90
107 90
108 90
109 90
113 90
125 90
135 90
137 90
138 90
142 90
160 90
165 90
204 90
217 90
224 90
226 90
227 90
228 90
229 90
237 90
282 90
288 90
84 91
88 91
90 91
92 91
93 91
96 91
101 91
102 91
104 91
105 91
107 91
108 91
135 91
202 91
204 91
217 91
226 91
227 91
228 91
229 91
236 91
242 91
243 91
245 91
8 92
27 92
30 92
50 92
57 92
58 92
84 92
90 92
91 92
93 92
96 92
99 92
101 92
102 92
104 92
105 92
107 92
108 92
109 92
113 92
125 92
137 92
138 92
142 92
202 92
204 92
205 92
217 92
222 92
226 92
227 92
228 92
229 92
232 92
236 92
237 92
242 92
243 92
245 92
249 92
250 92
251 92
252 92
253 92
254 92
256 92
257 92
258 92
259 92
260 92
261 92
262 92
264 92
267 92
269 92
282 92
288 92
343 92
345 92
346 92
352 92
357 92
363 92
364 92
383 92
5 93
7 93
8 93
9 93
10 93
11 93
13 93
15 93
16 93
17 93
18 93
22 93
23 93
24 93
25 93
27 93
28 93
31 93
32 93
41 93
50 93
51 93
52 93
54 93
56 93
60 93
68 93
73 93
76 93
81 93
82 93
83 93
84 93
85 93
89 93
90 93
92 93
95 93
96 93
97 93
98 93
99 93
100 93
101 93
106 93
108 93
109 93
110 93
111 93
112 93
113 93
114 93
115 93
131 93
178 93
201 93
202 93
204 93
205 93
206 93
208 93
210 93
215 93
217 93
219 93
222 93
224 93
225 93
227 93
229 93
232 93
236 93
240 93
241 93
243 93
244 93
246 93
249 93
259 93
262 93
264 93
265 93
267 93
272 93
273 93
274 93
276 93
278 93
282 93
284 93
285 93
286 93
288 93
301 93
303 93
309 93
333 93
340 93
343 93
344 93
350 93
353 93
357 93
358 93
364 93
3 94
18 94
23 94
24 94
25 94
32 94
41 94
51 94
54 94
56 94
73 94
142 94
145 94
151 94
202 94
204 94
205 94
207 94
208 94
210 94
345 94
346 94
352 94
364 94
371 94
8 95
12 95
15 95
20 95
24 95
31 95
32 95
34 95
41 95
50 95
58 95
73 95
81 95
82 95
88 95
89 95
93 95
100 95
101 95
106 95
109 95
113 95
114 95
115 95
116 95
123 95
131 95
166 95
172 95
201 95
206 95
212 95
217 95
219 95
224 95
236 95
240 95
244 95
249 95
273 95
274 95
279 95
281 95
284 95
285 95
286 95
288 95
290 95
293 95
296 95
301 95
302 95
340 95
343 95
84 96
92 96
227 96
229 96
93 97
101 97
113 97
93 98
113 98
84 99
90 99
91 99
92 99
93 99
96 99
101 99
102 99
105 99
107 99
108 99
109 99
113 99
125 99
135 99
138 99
202 99
204 99
226 99
227 99
228 99
229 99
242 99
243 99
245 99
246 99
259 99
282 99
3 100
8 100
18 100
23 100
24 100
25 100
32 100
41 100
50 100
53 100
54 100
55 100
56 100
58 100
73 100
116 100
133 100
143 100
145 100
180 100
184 100
201 100
202 100
204 100
205 100
215 100
240 100
259 100
265 100
273 100
274 100
284 100
288 100
293 100
301 100
302 100
343 100
345 100
346 100
352 100
364 100
371 100
5 101
8 101
10 101
11 101
13 101
15 101
16 101
17 101
18 101
22 101
23 101
24 101
31 101
34 101
41 101
50 101
51 101
54 101
56 101
57 101
58 101
60 101
68 101
73 101
76 101
81 101
84 101
88 101
89 101
90 101
91 101
92 101
93 101
95 101
96 101
99 101
102 101
104 101
105 101
107 101
108 101
109 101
113 101
114 101
123 101
125 101
135 101
137 101
138 101
142 101
143 101
145 101
160 101
167 101
178 101
180 101
182 101
201 101
202 101
204 101
206 101
217 101
219 101
222 101
224 101
225 101
226 101
227 101
228 101
229 101
232 101
236 101
237 101
241 101
242 101
243 101
245 101
246 101
264 101
272 101
279 101
281 101
282 101
288 101
290 101
293 101
296 101
297 101
303 101
309 101
310 101
343 101
344 101
345 101
346 101
350 101
351 101
352 101
354 101
88 102
90 102
91 102
92 102
96 102
99 102
101 102
104 102
105 102
107 102
113 102
118 102
123 102
125 102
135 102
137 102
138 102
142 102
160 102
165 102
167 102
177 102
180 102
189 102
202 102
204 102
205 102
219 102
226 102
227 102
228 102
229 102
243 102
246 102
282 102
288 102
383 102
89 103
93 103
95 103
106 103
109 103
113 103
121 103
126 103
127 103
132 103
134 103
140 103
201 103
237 103
290 103
293 103
296 103
84 104
90 104
91 104
92 104
96 104
101 104
102 104
105 104
107 104
108 104
109 104
113 104
123 104
125 104
135 104
137 104
138 104
142 104
143 104
160 104
202 104
204 104
226 104
227 104
282 104
288 104
5 105
8 105
10 105
11 105
16 105
17 105
18 105
22 105
23 105
24 105
25 105
26 105
31 105
32 105
34 105
41 105
50 105
51 105
54 105
55 105
56 105
68 105
73 105
76 105
81 105
82 105
89 105
90 105
91 105
92 105
93 105
95 105
96 105
97 105
99 105
101 105
102 105
104 105
106 105
107 105
108 105
109 105
113 105
114 105
115 105
123 105
125 105
131 105
137 105
138 105
142 105
143 105
160 105
167 105
178 105
185 105
186 105
201 105
202 105
204 105
205 105
206 105
222 105
226 105
227 105
229 105
232 105
237 105
241 105
243 105
246 105
272 105
276 105
278 105
279 105
281 105
282 105
284 105
285 105
286 105
288 105
290 105
292 105
293 105
296 105
297 105
298 105
303 105
309 105
310 105
343 105
5 106
8 106
10 106
11 106
13 106
15 106
17 106
18 106
22 106
23 106
24 106
27 106
28 106
32 106
34 106
41 106
45 106
50 106
51 106
54 106
55 106
56 106
58 106
68 106
73 106
76 106
81 106
82 106
89 106
91 106
92 106
93 106
95 106
96 106
97 106
99 106
100 106
101 106
102 106
104 106
109 106
113 106
114 106
115 106
116 106
125 106
131 106
160 106
167 106
178 106
180 106
184 106
201 106
204 106
205 106
206 106
208 106
210 106
214 106
215 106
217 106
219 106
224 106
226 106
227 106
229 106
240 106
241 106
243 106
246 106
259 106
262 106
265 106
267 106
279 106
281 106
286 106
288 106
290 106
293 106
296 106
301 106
303 106
309 106
310 106
342 106
343 106
344 106
350 106
357 106
84 107
90 107
91 107
92 107
93 107
96 107
99 107
101 107
102 107
104 107
105 107
108 107
113 107
125 107
135 107
137 107
138 107
204 107
217 107
226 107
227 107
229 107
236 107
243 107
8 108
84 108
91 108
92 108
93 108
96 108
99 108
101 108
107 108
109 108
113 108
204 108
205 108
208 108
210 108
214 108
215 108
216 108
217 108
227 108
229 108
232 108
243 108
249 108
253 108
254 108
257 108
258 108
260 108
261 108
262 108
264 108
269 108
282 108
346 108
352 108
364 108
31 109
32 109
41 109
50 109
53 109
54 109
56 109
58 109
73 109
74 109
76 109
82 109
84 109
89 109
92 109
93 109
95 109
103 109
106 109
113 109
116 109
122 109
129 109
131 109
143 109
145 109
172 109
176 109
197 109
201 109
202 109
204 109
205 109
206 109
208 109
210 109
212 109
215 109
216 109
240 109
264 109
265 109
273 109
274 109
279 109
284 109
285 109
286 109
288 109
301 109
302 109
303 109
307 109
342 109
343 109
344 109
93 110
95 110
113 110
114 110
131 110
81 111
82 111
89 111
93 111
95 111
100 111
101 111
105 111
106 111
112 111
113 111
114 111
115 111
123 111
125 111
131 111
133 111
142 111
145 111
193 111
198 111
201 111
203 111
206 111
212 111
217 111
222 111
224 111
232 111
236 111
244 111
264 111
276 111
284 111
285 111
286 111
82 112
89 112
93 112
95 112
100 112
101 112
105 112
111 112
113 112
114 112
115 112
123 112
131 112
142 112
201 112
203 112
217 112
244 112
264 112
272 112
284 112
285 112
286 112
3 113
5 113
7 113
10 113
18 113
23 113
24 113
25 113
32 113
41 113
50 113
51 113
53 113
54 113
56 113
58 113
60 113
65 113
69 113
70 113
73 113
76 113
82 113
84 113
92 113
93 113
95 113
103 113
106 113
109 113
124 113
125 113
127 113
128 113
129 113
131 113
133 113
143 113
145 113
151 113
160 113
162 113
163 113
167 113
176 113
177 113
178 113
179 113
180 113
182 113
184 113
193 113
197 113
198 113
201 113
202 113
203 113
204 113
205 113
206 113
207 113
208 113
210 113
212 113
215 113
216 113
218 113
219 113
220 113
224 113
225 113
232 113
263 113
264 113
265 113
273 113
274 113
279 113
280 113
281 113
284 113
285 113
286 113
287 113
288 113
291 113
295 113
298 113
301 113
302 113
303 113
304 113
306 113
307 113
312 113
320 113
325 113
334 113
336 113
344 113
371 113
381 113
10 114
11 114
14 114
17 114
20 114
22 114
23 114
24 114
26 114
31 114
32 114
34 114
35 114
41 114
45 114
50 114
54 114
55 114
56 114
60 114
65 114
68 114
73 114
76 114
100 114
101 114
105 114
115 114
116 114
125 114
131 114
133 114
134 114
137 114
138 114
139 114
142 114
143 114
147 114
160 114
167 114
178 114
185 114
186 114
201 114
206 114
279 114
280 114
281 114
287 114
292 114
293 114
296 114
297 114
303 114
309 114
310 114
312 114
344 114
350 114
22 115
24 115
27 115
41 115
50 115
51 115
54 115
73 115
76 115
93 115
95 115
109 115
114 115
116 115
128 115
131 115
142 115
147 115
272 115
274 115
277 115
279 115
280 115
281 115
284 115
287 115
95 116
100 116
106 116
109 116
114 116
115 116
117 116
118 116
119 116
125 116
128 116
131 116
137 116
138 116
143 116
147 116
178 116
197 116
198 116
201 116
206 116
212 116
213 116
216 116
217 116
224 116
248 116
278 116
284 116
287 116
303 116
307 116
309 116
320 116
116 117
116 118
147 118
116 119
147 119
87 121
89 121
103 121
106 121
127 121
132 121
140 121
181 121
182 121
184 121
205 121
82 122
89 122
93 122
95 122
103 122
106 122
109 122
126 122
129 122
131 122
143 122
178 122
197 122
201 122
206 122
212 122
216 122
264 122
285 122
303 122
320 122
34 123
56 123
58 123
143 123
172 123
176 123
193 123
201 123
215 123
240 123
263 123
265 123
273 123
274 123
301 123
302 123
340 123
344 123
3 124
15 124
24 124
26 124
27 124
41 124
50 124
73 124
74 124
76 124
113 124
171 124
177 124
184 124
187 124
197 124
291 124
295 124
298 124
304 124
312 124
314 124
316 124
317 124
321 124
322 124
324 124
325 124
326 124
335 124
340 124
371 124
372 124
381 124
3 125
23 125
25 125
34 125
41 125
45 125
50 125
53 125
58 125
60 125
69 125
71 125
74 125
76 125
111 125
113 125
114 125
116 125
131 125
133 125
142 125
180 125
184 125
197 125
201 125
227 125
279 125
280 125
281 125
293 125
298 125
371 125
134 126
177 126
184 126
185 126
186 126
187 126
197 126
206 126
288 126
296 126
297 126
298 126
299 126
309 126
310 126
312 126
314 126
315 126
321 126
322 126
325 126
326 126
333 126
340 126
184 127
288 127
20 128
31 128
32 128
35 128
41 128
45 128
50 128
53 128
54 128
55 128
65 128
95 128
97 128
100 128
103 128
109 128
113 128
114 128
115 128
116 128
125 128
127 128
131 128
134 128
136 128
142 128
143 128
145 128
147 128
162 128
166 128
178 128
179 128
184 128
185 128
186 128
187 128
192 128
201 128
204 128
205 128
206 128
207 128
208 128
210 128
220 128
272 128
275 128
277 128
279 128
280 128
287 128
290 128
292 128
296 128
298 128
303 128
307 128
309 128
310 128
312 128
313 128
314 128
315 128
321 128
323 128
324 128
325 128
326 128
333 128
340 128
103 129
109 129
113 129
121 129
122 129
126 129
131 129
143 129
175 129
179 129
184 129
190 129
198 129
206 129
277 129
278 129
284 129
287 129
303 129
307 129
320 129
184 130
10 131
17 131
18 131
22 131
24 131
26 131
27 131
31 131
32 131
41 131
50 131
51 131
53 131
54 131
55 131
60 131
68 131
69 131
73 131
82 131
89 131
93 131
95 131
103 131
105 131
109 131
110 131
111 131
113 131
115 131
116 131
122 131
125 131
127 131
134 131
142 131
143 131
145 131
178 131
179 131
184 131
197 131
198 131
201 131
205 131
206 131
216 131
232 131
264 131
274 131
279 131
281 131
284 131
287 131
303 131
320 131
342 131
24 132
25 132
26 132
34 132
41 132
50 132
54 132
56 132
58 132
60 132
66 132
69 132
72 132
73 132
79 132
152 132
153 132
163 132
167 132
170 132
171 132
172 132
176 132
177 132
180 132
182 132
184 132
187 132
190 132
192 132
193 132
195 132
197 132
201 132
218 132
270 132
274 132
287 132
293 132
301 132
302 132
333 132
342 132
344 132
345 132
352 132
21 133
24 133
25 133
26 133
34 133
44 133
50 133
60 133
64 133
65 133
66 133
69 133
71 133
72 133
73 133
74 133
87 133
95 133
100 133
101 133
113 133
114 133
123 133
128 133
142 133
143 133
145 133
146 133
151 133
152 133
153 133
162 133
163 133
166 133
167 133
173 133
175 133
177 133
180 133
182 133
184 133
189 133
192 133
193 133
202 133
207 133
220 133
280 133
23 134
24 134
25 134
26 134
41 134
44 134
50 134
59 134
60 134
63 134
64 134
66 134
69 134
71 134
72 134
74 134
76 134
113 134
114 134
135 134
139 134
146 134
152 134
153 134
154 134
160 134
167 134
173 134
177 134
180 134
182 134
184 134
185 134
189 134
190 134
192 134
202 134
205 134
263 134
280 134
334 134
335 134
50 135
58 135
74 135
92 135
134 135
139 135
152 135
153 135
201 135
218 135
227 135
24 136
25 136
26 136
44 136
50 136
60 136
66 136
69 136
71 136
72 136
116 137
147 137
227 137
92 138
116 138
147 138
24 139
25 139
26 139
44 139
50 139
54 139
60 139
63 139
64 139
65 139
66 139
69 139
71 139
72 139
74 139
114 139
134 139
135 139
152 139
153 139
154 139
160 139
161 139
167 139
180 139
182 139
186 139
187 139
189 139
190 139
192 139
280 139
134 140
201 141
3 142
4 142
23 142
24 142
25 142
26 142
27 142
50 142
51 142
54 142
55 142
60 142
65 142
66 142
69 142
71 142
72 142
73 142
74 142
76 142
113 142
114 142
125 142
128 142
131 142
177 142
180 142
184 142
187 142
190 142
195 142
197 142
280 142
333 142
371 142
381 142
3 143
9 143
11 143
15 143
18 143
22 143
23 143
24 143
25 143
26 143
27 143
31 143
32 143
34 143
41 143
44 143
50 143
51 143
54 143
55 143
59 143
60 143
65 143
66 143
69 143
70 143
71 143
72 143
73 143
74 143
76 143
100 143
109 143
113 143
116 143
123 143
124 143
125 143
127 143
128 143
131 143
133 143
134 143
144 143
145 143
146 143
147 143
151 143
152 143
160 143
177 143
180 143
181 143
184 143
187 143
190 143
192 143
193 143
195 143
197 143
199 143
202 143
203 143
204 143
205 143
206 143
207 143
280 143
301 143
320 143
333 143
334 143
335 143
371 143
381 143
6 144
7 144
8 144
9 144
11 144
22 144
24 144
25 144
26 144
32 144
33 144
34 144
41 144
44 144
50 144
59 144
60 144
63 144
64 144
65 144
66 144
69 144
70 144
71 144
72 144
73 144
74 144
113 144
131 144
133 144
134 144
139 144
143 144
145 144
146 144
147 144
151 144
152 144
153 144
158 144
167 144
174 144
177 144
180 144
185 144
186 144
187 144
189 144
190 144
192 144
193 144
195 144
197 144
199 144
202 144
203 144
204 144
205 144
207 144
280 144
315 144
333 144
334 144
20 145
23 145
24 145
25 145
26 145
34 145
50 145
51 145
54 145
55 145
60 145
63 145
64 145
65 145
66 145
69 145
70 145
71 145
72 145
73 145
74 145
94 145
100 145
101 145
105 145
109 145
113 145
125 145
128 145
131 145
133 145
134 145
135 145
136 145
137 145
138 145
139 145
143 145
144 145
152 145
153 145
154 145
158 145
161 145
163 145
167 145
172 145
180 145
184 145
192 145
193 145
197 145
201 145
202 145
203 145
204 145
206 145
207 145
219 145
224 145
280 145
287 145
11 146
14 146
15 146
18 146
22 146
24 146
25 146
26 146
27 146
31 146
32 146
41 146
44 146
50 146
54 146
59 146
60 146
65 146
66 146
69 146
70 146
71 146
72 146
73 146
74 146
133 146
134 146
139 146
143 146
144 146
151 146
152 146
153 146
154 146
158 146
161 146
167 146
190 146
193 146
202 146
203 146
204 146
206 146
219 146
224 146
334 146
335 146
114 147
115 147
116 147
118 147
119 147
128 147
137 147
138 147
143 147
144 147
148 147
152 147
179 147
190 147
195 147
197 147
198 147
199 147
201 147
206 147
147 148
152 149
153 149
158 149
202 149
204 149
207 149
152 150
153 150
202 150
204 150
207 150
8 151
11 151
22 151
24 151
25 151
26 151
27 151
31 151
32 151
41 151
44 151
50 151
59 151
60 151
65 151
66 151
69 151
70 151
71 151
72 151
73 151
74 151
76 151
113 151
114 151
115 151
131 151
134 151
139 151
143 151
144 151
146 151
178 151
181 151
202 151
203 151
204 151
205 151
206 151
207 151
219 151
224 151
301 151
334 151
23 152
24 152
25 152
26 152
34 152
44 152
50 152
51 152
54 152
59 152
60 152
63 152
64 152
65 152
66 152
67 152
69 152
70 152
71 152
72 152
73 152
74 152
132 152
133 152
134 152
135 152
138 152
139 152
143 152
144 152
145 152
147 152
161 152
162 152
163 152
165 152
166 152
167 152
180 152
182 152
190 152
192 152
193 152
202 152
204 152
207 152
227 152
270 152
280 152
334 152
371 152
6 153
24 153
25 153
26 153
27 153
32 153
44 153
50 153
51 153
60 153
64 153
65 153
66 153
67 153
68 153
69 153
71 153
72 153
75 153
132 153
133 153
134 153
135 153
139 153
142 153
144 153
145 153
146 153
150 153
160 153
162 153
163 153
164 153
165 153
166 153
167 153
172 153
173 153
182 153
184 153
190 153
192 153
193 153
201 153
202 153
203 153
204 153
207 153
89 154
100 154
132 154
133 154
134 154
139 154
145 154
146 154
162 154
163 154
166 154
167 154
169 154
180 154
182 154
202 154
203 154
207 154
201 155
201 156
24 157
25 157
26 157
41 157
50 157
65 157
68 157
75 157
132 157
153 157
158 157
202 157
204 157
207 157
25 158
26 158
50 158
68 158
75 158
132 158
145 158
146 158
149 158
153 158
167 158
202 158
203 158
207 158
3 160
65 160
67 160
152 160
153 160
158 160
167 160
180 160
182 160
192 160
218 160
219 160
220 160
371 160
25 161
26 161
44 161
50 161
64 161
65 161
67 161
72 161
139 161
152 161
25 162
62 162
64 162
65 162
67 162
79 162
133 162
134 162
152 162
153 162
163 162
165 162
166 162
167 162
171 162
180 162
189 162
192 162
218 162
219 162
220 162
44 163
62 163
65 163
67 163
79 163
113 163
132 163
133 163
134 163
152 163
153 163
162 163
164 163
165 163
166 163
167 163
177 163
180 163
182 163
184 163
190 163
192 163
193 163
218 163
220 163
224 163
79 164
87 164
145 164
152 164
153 164
162 164
163 164
167 164
170 164
175 164
193 164
195 164
199 164
202 164
207 164
218 164
219 164
221 164
224 164
44 165
64 165
65 165
67 165
134 165
152 165
162 165
163 165
166 165
167 165
171 165
25 166
26 166
44 166
62 166
64 166
65 166
66 166
67 166
133 166
134 166
152 166
162 166
163 166
165 166
167 166
202 166
204 166
227 166
3 167
64 167
67 167
79 167
81 167
87 167
88 167
113 167
132 167
133 167
134 167
139 167
140 167
147 167
152 167
153 167
154 167
158 167
162 167
163 167
165 167
166 167
171 167
175 167
180 167
182 167
184 167
190 167
201 167
203 167
218 167
219 167
220 167
224 167
371 167
162 168
165 168
171 168
180 168
352 169
87 170
88 170
89 170
100 170
132 170
152 170
164 170
224 170
225 170
124 171
132 171
134 171
162 171
165 171
166 171
167 171
168 171
172 171
180 171
192 171
3 172
45 172
114 172
136 172
138 172
142 172
152 172
162 172
163 172
166 172
187 172
190 172
192 172
203 172
204 172
205 172
206 172
219 172
220 172
224 172
280 172
304 172
305 172
306 172
312 172
317 172
371 172
133 173
134 173
153 173
182 173
298 174
113 175
134 175
190 175
193 175
195 175
113 176
114 176
125 176
130 176
136 176
138 176
142 176
145 176
152 176
167 176
187 176
190 176
197 176
203 176
204 176
205 176
206 176
212 176
216 176
289 176
295 176
304 176
306 176
307 176
309 176
311 176
314 176
330 176
100 177
113 177
124 177
125 177
126 177
127 177
128 177
130 177
131 177
132 177
142 177
180 177
184 177
187 177
190 177
197 177
201 177
232 177
264 177
295 177
301 177
314 177
317 177
333 177
334 177
335 177
336 177
3 178
8 178
21 178
23 178
25 178
26 178
31 178
32 178
34 178
38 178
40 178
41 178
42 178
43 178
45 178
47 178
51 178
54 178
65 178
70 178
72 178
73 178
113 178
116 178
134 178
193 178
195 178
201 178
206 178
211 178
241 178
296 178
297 178
301 178
303 178
304 178
306 178
309 178
310 178
311 178
312 178
314 178
315 178
320 178
322 178
325 178
327 178
333 178
336 178
340 178
371 178
6 179
7 179
8 179
23 179
24 179
26 179
27 179
41 179
55 179
65 179
67 179
70 179
72 179
113 179
147 179
287 179
301 179
304 179
306 179
309 179
29 180
87 180
100 180
106 180
113 180
125 180
132 180
133 180
135 180
136 180
137 180
138 180
142 180
145 180
160 180
162 180
163 180
167 180
171 180
175 180
177 180
184 180
185 180
186 180
187 180
192 180
197 180
199 180
202 180
204 180
205 180
206 180
207 180
219 180
220 180
224 180
225 180
240 180
270 180
280 180
294 180
295 180
296 180
303 180
304 180
305 180
306 180
310 180
313 180
315 180
24 181
26 181
27 181
41 181
44 181
45 181
54 181
55 181
65 181
67 181
134 181
182 181
24 182
25 182
26 182
41 182
44 182
45 182
54 182
55 182
63 182
64 182
65 182
67 182
72 182
79 182
133 182
134 182
139 182
152 182
153 182
154 182
160 182
162 182
163 182
167 182
218 182
219 182
224 182
225 182
381 182
6 184
23 184
26 184
27 184
41 184
45 184
54 184
60 184
65 184
67 184
70 184
100 184
106 184
109 184
113 184
124 184
125 184
126 184
127 184
130 184
131 184
132 184
133 184
134 184
142 184
143 184
145 184
177 184
180 184
182 184
187 184
188 184
189 184
190 184
197 184
201 184
206 184
211 184
219 184
224 184
232 184
265 184
288 184
289 184
294 184
301 184
303 184
309 184
310 184
311 184
312 184
313 184
314 184
315 184
317 184
320 184
321 184
322 184
323 184
324 184
325 184
326 184
327 184
333 184
334 184
335 184
336 184
340 184
116 185
293 185
298 185
320 185
116 186
293 186
298 186
320 186
324 186
340 186
79 187
124 187
172 187
176 187
184 187
298 187
309 187
311 187
312 187
314 187
316 187
317 187
321 187
322 187
324 187
334 187
335 187
340 187
184 188
312 188
322 188
324 188
325 188
336 188
338 188
340 188
134 189
139 189
163 189
184 189
190 189
334 189
25 190
26 190
44 190
45 190
54 190
65 190
67 190
70 190
134 190
147 190
153 190
172 190
184 190
193 190
195 190
321 190
334 190
335 190
3 192
13 192
26 192
44 192
45 192
62 192
65 192
67 192
70 192
145 192
152 192
158 192
160 192
162 192
163 192
165 192
166 192
167 192
171 192
180 192
182 192
219 192
220 192
224 192
232 192
371 192
381 192
25 193
26 193
32 193
44 193
45 193
51 193
65 193
66 193
67 193
70 193
72 193
133 193
153 193
172 193
195 193
197 193
44 194
65 194
25 195
26 195
44 195
45 195
55 195
65 195
67 195
70 195
134 195
143 195
144 195
146 195
147 195
151 195
172 195
177 195
181 195
187 195
189 195
190 195
193 195
197 195
199 195
207 195
315 195
334 195
335 195
7 197
8 197
11 197
24 197
26 197
27 197
29 197
41 197
44 197
45 197
51 197
54 197
65 197
70 197
72 197
109 197
113 197
116 197
124 197
125 197
131 197
142 197
143 197
145 197
147 197
172 197
176 197
177 197
184 197
193 197
195 197
199 197
201 197
206 197
207 197
211 197
219 197
224 197
225 197
232 197
265 197
270 197
304 197
306 197
313 197
315 197
333 197
334 197
335 197
340 197
89 198
95 198
106 198
109 198
113 198
116 198
122 198
129 198
131 198
143 198
144 198
145 198
147 198
151 198
152 198
162 198
163 198
164 198
175 198
178 198
179 198
190 198
195 198
197 198
199 198
201 198
202 198
205 198
206 198
207 198
208 198
209 198
210 198
212 198
216 198
232 198
237 198
264 198
277 198
287 198
303 198
315 198
322 198
109 199
113 199
129 199
131 199
140 199
143 199
144 199
145 199
147 199
152 199
162 199
163 199
164 199
165 199
166 199
167 199
172 199
175 199
176 199
178 199
180 199
181 199
190 199
193 199
195 199
197 199
198 199
202 199
204 199
207 199
208 199
209 199
219 199
224 199
277 199
287 199
303 199
315 199
334 199
3 201
8 201
11 201
13 201
15 201
18 201
23 201
27 201
32 201
33 201
34 201
41 201
50 201
51 201
52 201
54 201
58 201
82 201
85 201
86 201
89 201
93 201
95 201
100 201
101 201
106 201
109 201
113 201
114 201
116 201
125 201
128 201
131 201
132 201
133 201
135 201
141 201
143 201
144 201
145 201
147 201
153 201
155 201
156 201
167 201
172 201
176 201
180 201
184 201
193 201
197 201
206 201
207 201
208 201
210 201
212 201
218 201
219 201
225 201
232 201
236 201
237 201
240 201
241 201
249 201
259 201
262 201
264 201
267 201
273 201
274 201
284 201
288 201
289 201
301 201
303 201
342 201
343 201
344 201
350 201
364 201
371 201
381 201
82 202
89 202
92 202
93 202
94 202
95 202
100 202
101 202
105 202
106 202
109 202
113 202
125 202
128 202
131 202
133 202
134 202
135 202
136 202
137 202
138 202
143 202
144 202
145 202
152 202
172 202
176 202
180 202
193 202
197 202
207 202
240 202
263 202
264 202
339 202
71 203
74 203
113 203
128 203
134 203
139 203
143 203
144 203
145 203
151 203
74 204
84 204
92 204
94 204
99 204
100 204
108 204
109 204
113 204
128 204
133 204
134 204
153 204
158 204
172 204
193 204
197 204
202 204
207 204
227 204
229 204
237 204
240 204
264 204
84 205
92 205
94 205
99 205
100 205
108 205
109 205
113 205
128 205
133 205
134 205
180 205
197 205
202 205
207 205
229 205
237 205
240 205
264 205
82 206
93 206
95 206
106 206
109 206
113 206
116 206
122 206
129 206
131 206
147 206
172 206
176 206
178 206
179 206
184 206
193 206
197 206
198 206
201 206
205 206
218 206
224 206
232 206
237 206
264 206
278 206
284 206
287 206
303 206
320 206
322 206
340 206
71 207
74 207
82 207
89 207
93 207
94 207
95 207
100 207
101 207
106 207
109 207
113 207
128 207
129 207
131 207
134 207
136 207
143 207
144 207
145 207
151 207
152 207
162 207
163 207
164 207
165 207
166 207
167 207
175 207
178 207
179 207
180 207
181 207
187 207
190 207
193 207
195 207
197 207
198 207
199 207
201 207
202 207
204 207
205 207
208 207
209 207
210 207
212 207
216 207
217 207
219 207
224 207
232 207
237 207
264 207
277 207
287 207
303 207
315 207
322 207
82 208
89 208
94 208
109 208
113 208
123 208
128 208
179 208
201 208
202 208
204 208
205 208
207 208
210 208
232 208
237 208
264 208
289 208
303 208
320 208
113 209
129 209
143 209
144 209
145 209
152 209
165 209
166 209
167 209
178 209
193 209
195 209
197 209
198 209
199 209
202 209
207 209
208 209
220 209
287 209
303 209
315 209
94 210
109 210
113 210
128 210
201 210
202 210
237 210
264 210
184 211
197 211
116 212
201 212
116 213
109 214
122 214
109 215
113 215
122 215
201 215
109 216
116 216
122 216
3 217
50 217
56 217
82 217
84 217
89 217
92 217
93 217
101 217
106 217
109 217
116 217
202 217
204 217
208 217
215 217
227 217
229 217
232 217
236 217
237 217
240 217
244 217
249 217
259 217
262 217
263 217
264 217
265 217
267 217
272 217
273 217
274 217
284 217
285 217
286 217
288 217
301 217
342 217
343 217
344 217
350 217
357 217
364 217
371 217
3 218
11 218
20 218
23 218
24 218
31 218
32 218
41 218
54 218
63 218
64 218
76 218
364 218
371 218
3 219
134 219
162 219
163 219
165 219
167 219
180 219
184 219
197 219
201 219
220 219
224 219
371 219
162 220
163 220
165 220
167 220
180 220
219 220
274 220
134 221
201 222
273 222
274 222
67 224
116 224
134 224
167 224
180 224
182 224
184 224
197 224
201 224
219 224
225 224
236 224
237 224
364 224
134 225
180 225
197 225
201 225
224 225
343 225
364 225
50 226
58 226
92 226
227 226
50 227
57 227
58 227
84 227
92 227
11 228
23 228
64 228
84 228
88 228
90 228
91 228
92 228
101 228
102 228
107 228
135 228
160 228
165 228
204 228
217 228
226 228
227 228
229 228
236 228
242 228
243 228
245 228
249 228
251 228
253 228
254 228
256 228
288 228
345 228
346 228
351 228
352 228
355 228
356 228
357 228
363 228
364 228
383 228
50 229
52 229
57 229
58 229
84 229
90 229
91 229
92 229
93 229
96 229
99 229
101 229
105 229
108 229
109 229
125 229
135 229
137 229
138 229
202 229
204 229
205 229
217 229
222 229
226 229
227 229
228 229
236 229
242 229
243 229
245 229
246 229
249 229
251 229
253 229
254 229
256 229
272 229
282 229
288 229
343 229
345 229
346 229
351 229
352 229
355 229
357 229
363 229
364 229
383 229
34 232
41 232
92 232
109 232
113 232
176 232
177 232
184 232
197 232
201 232
206 232
216 232
237 232
241 232
249 232
250 232
253 232
254 232
256 232
257 232
258 232
262 232
263 232
264 232
265 232
266 232
267 232
290 232
291 232
295 232
296 232
298 232
304 232
306 232
307 232
309 232
310 232
311 232
314 232
320 232
322 232
324 232
325 232
339 232
340 232
343 232
345 232
346 232
352 232
353 232
357 232
361 232
364 232
82 233
89 233
95 233
100 233
106 233
109 233
113 233
123 233
125 233
132 233
167 233
219 233
222 233
224 233
225 233
236 233
238 233
239 233
241 233
250 233
253 233
254 233
257 233
258 233
259 233
262 233
264 233
267 233
270 233
288 233
295 233
298 233
302 233
325 233
82 234
89 234
93 234
95 234
100 234
106 234
109 234
113 234
123 234
125 234
132 234
135 234
167 234
201 234
206 234
214 234
215 234
216 234
217 234
219 234
222 234
224 234
225 234
236 234
238 234
239 234
241 234
250 234
253 234
254 234
257 234
258 234
262 234
264 234
267 234
270 234
288 234
295 234
298 234
302 234
325 234
201 235
290 235
291 235
295 235
298 235
343 235
350 235
89 236
92 236
176 236
201 236
218 236
224 236
227 236
229 236
232 236
247 236
249 236
253 236
262 236
266 236
270 236
290 236
295 236
301 236
343 236
344 236
345 236
350 236
353 236
364 236
381 236
82 237
89 237
92 237
93 237
100 237
106 237
108 237
113 237
123 237
125 237
132 237
135 237
167 237
176 237
201 237
206 237
214 237
215 237
217 237
219 237
222 237
224 237
225 237
227 237
232 237
236 237
264 237
267 237
270 237
288 237
290 237
295 237
298 237
302 237
304 237
306 237
307 237
309 237
310 237
311 237
312 237
320 237
343 237
364 237
89 238
92 238
219 238
222 238
224 238
225 238
232 238
236 238
239 238
241 238
247 238
249 238
250 238
253 238
254 238
256 238
257 238
258 238
264 238
266 238
267 238
270 238
288 238
290 238
295 238
298 238
302 238
343 238
345 238
346 238
353 238
357 238
359 238
364 238
82 239
89 239
93 239
95 239
100 239
106 239
109 239
113 239
123 239
125 239
132 239
135 239
167 239
201 239
206 239
214 239
215 239
217 239
219 239
222 239
224 239
225 239
232 239
236 239
238 239
241 239
249 239
250 239
253 239
254 239
256 239
257 239
258 239
264 239
266 239
270 239
288 239
290 239
295 239
298 239
302 239
343 239
345 239
346 239
352 239
353 239
355 239
356 239
357 239
358 239
359 239
362 239
363 239
364 239
367 239
369 239
3 240
8 240
10 240
11 240
13 240
18 240
23 240
31 240
32 240
41 240
45 240
51 240
81 240
82 240
85 240
89 240
95 240
100 240
106 240
113 240
201 240
217 240
222 240
224 240
225 240
232 240
249 240
250 240
253 240
255 240
263 240
264 240
272 240
282 240
284 240
285 240
288 240
290 240
295 240
297 240
303 240
304 240
306 240
307 240
309 240
343 240
344 240
350 240
353 240
355 240
356 240
359 240
360 240
364 240
371 240
381 240
382 240
383 240
85 241
89 241
93 241
101 241
201 241
215 241
222 241
249 241
265 241
266 241
272 241
284 241
285 241
286 241
301 241
343 241
344 241
350 241
357 241
364 241
369 241
84 242
92 242
218 242
227 242
229 242
244 242
248 242
249 242
250 242
84 243
92 243
95 243
108 243
227 243
229 243
244 243
248 243
249 243
282 243
217 244
222 244
249 244
250 244
282 244
92 245
227 245
229 245
84 246
229 246
290 247
295 247
116 248
6 249
82 249
89 249
92 249
93 249
95 249
100 249
106 249
109 249
113 249
123 249
132 249
201 249
206 249
214 249
215 249
216 249
217 249
222 249
224 249
225 249
232 249
236 249
237 249
238 249
239 249
247 249
259 249
262 249
264 249
265 249
266 249
267 249
268 249
269 249
270 249
284 249
290 249
291 249
295 249
343 249
344 249
345 249
350 249
353 249
355 249
357 249
360 249
364 249
381 249
383 249
218 250
232 250
237 250
238 250
239 250
259 250
266 250
290 250
291 250
343 250
364 250
89 251
92 251
108 251
227 251
229 251
232 251
236 251
247 251
259 251
270 251
364 251
89 252
92 252
232 252
247 252
259 252
266 252
270 252
364 252
92 253
108 253
229 253
232 253
236 253
237 253
238 253
239 253
247 253
264 253
265 253
266 253
270 253
343 253
364 253
371 253
89 254
92 254
108 254
227 254
229 254
232 254
236 254
237 254
238 254
239 254
247 254
266 254
270 254
236 255
250 255
252 255
259 255
262 255
265 255
267 255
269 255
343 255
350 255
353 255
355 255
364 255
381 255
89 256
92 256
227 256
229 256
232 256
236 256
237 256
239 256
266 256
89 257
92 257
232 257
236 257
237 257
238 257
247 257
264 257
266 257
270 257
82 258
89 258
92 258
100 258
113 258
201 258
206 258
214 258
215 258
216 258
217 258
222 258
225 258
227 258
232 258
236 258
237 258
238 258
239 258
247 258
264 258
266 258
270 258
284 258
288 258
381 258
383 258
92 259
108 259
237 259
249 259
251 259
253 259
258 259
266 259
267 259
343 259
347 259
348 259
349 259
351 259
92 260
108 260
92 261
108 261
92 262
108 262
201 262
232 262
234 262
289 262
290 262
291 262
350 262
351 262
5 263
249 263
251 263
253 263
258 263
266 263
290 263
291 263
295 263
298 263
3 264
89 264
92 264
95 264
100 264
106 264
109 264
113 264
135 264
177 264
201 264
206 264
216 264
219 264
222 264
224 264
225 264
232 264
236 264
238 264
239 264
241 264
249 264
250 264
253 264
254 264
257 264
258 264
259 264
262 264
266 264
267 264
270 264
288 264
290 264
291 264
295 264
298 264
302 264
304 264
306 264
325 264
343 264
345 264
352 264
353 264
357 264
364 264
371 264
5 265
109 265
122 265
176 265
184 265
197 265
201 265
206 265
232 265
249 265
251 265
253 265
258 265
290 265
291 265
295 265
298 265
249 266
251 266
253 266
258 266
343 266
350 266
177 267
180 267
201 267
232 267
233 267
234 267
236 267
237 267
249 267
251 267
253 267
258 267
264 267
288 267
289 267
290 267
291 267
343 267
347 267
349 267
350 267
351 267
236 268
249 268
250 268
251 268
253 268
254 268
256 268
257 268
258 268
249 269
251 269
253 269
258 269
343 269
347 269
350 269
34 270
180 270
197 270
20 272
31 272
32 272
41 272
45 272
82 272
89 272
95 272
105 272
115 272
128 272
218 272
274 272
275 272
276 272
277 272
278 272
279 272
281 272
285 272
286 272
303 272
307 272
309 272
218 273
222 273
272 273
276 273
278 273
284 273
285 273
287 273
218 274
220 274
222 274
241 274
272 274
284 274
285 274
286 274
287 274
20 275
31 275
128 275
218 275
272 275
278 275
20 276
272 276
273 276
278 276
279 276
284 276
20 277
31 277
32 277
41 277
45 277
105 277
115 277
128 277
272 277
273 277
276 277
278 277
279 277
280 277
281 277
287 277
303 277
307 277
116 278
218 278
220 278
222 278
241 278
272 278
273 278
275 278
276 278
277 278
284 278
285 278
287 278
303 278
304 278
306 278
307 278
309 278
20 279
31 279
95 279
101 279
105 279
106 279
109 279
113 279
114 279
115 279
125 279
128 279
131 279
272 279
275 279
276 279
277 279
281 279
113 280
114 280
115 280
125 280
128 280
142 280
95 281
101 281
105 281
106 281
113 281
114 281
115 281
125 281
131 281
3 282
45 282
206 282
222 282
240 282
244 282
249 282
364 282
371 282
20 284
31 284
93 284
116 284
218 284
220 284
222 284
241 284
272 284
273 284
274 284
276 284
277 284
278 284
279 284
285 284
286 284
287 284
303 284
304 284
306 284
307 284
309 284
20 285
32 285
41 285
82 285
89 285
93 285
95 285
105 285
111 285
115 285
128 285
217 285
222 285
241 285
272 285
273 285
274 285
275 285
278 285
284 285
286 285
288 285
303 285
304 285
306 285
307 285
309 285
310 285
20 286
32 286
41 286
82 286
89 286
93 286
95 286
105 286
217 286
241 286
272 286
273 286
274 286
285 286
303 286
304 286
306 286
307 286
309 286
31 287
32 287
41 287
45 287
116 287
172 287
176 287
193 287
197 287
198 287
212 287
216 287
218 287
232 287
236 287
264 287
272 287
273 287
274 287
276 287
280 287
303 287
304 287
306 287
307 287
309 287
3 288
11 288
14 288
23 288
24 288
32 288
34 288
35 288
41 288
45 288
76 288
92 288
100 288
113 288
123 288
126 288
127 288
184 288
201 288
218 288
222 288
227 288
232 288
236 288
237 288
240 288
241 288
249 288
264 288
265 288
272 288
276 288
278 288
284 288
285 288
286 288
287 288
303 288
304 288
306 288
307 288
309 288
310 288
311 288
312 288
314 288
320 288
340 288
343 288
344 288
350 288
360 288
364 288
371 288
34 289
41 289
184 289
263 289
265 289
267 289
344 289
350 289
359 289
364 289
232 290
235 290
236 290
237 290
238 290
239 290
240 290
241 290
247 290
249 290
250 290
263 290
264 290
265 290
267 290
286 290
291 290
292 290
293 290
295 290
296 290
298 290
299 290
300 290
301 290
325 290
344 290
350 290
359 290
364 290
113 291
124 291
232 291
235 291
249 291
250 291
263 291
264 291
265 291
267 291
290 291
304 291
344 291
350 291
296 292
301 292
325 292
89 293
100 293
125 293
185 293
186 293
232 293
241 293
290 293
295 293
296 293
297 293
299 293
300 293
301 293
310 293
311 293
312 293
314 293
325 293
34 294
35 294
180 294
184 294
343 294
344 294
350 294
35 295
41 295
45 295
100 295
113 295
123 295
124 295
177 295
232 295
235 295
236 295
239 295
263 295
264 295
265 295
290 295
292 295
293 295
298 295
299 295
303 295
306 295
307 295
310 295
343 295
344 295
113 296
290 296
301 296
303 296
309 296
310 296
311 296
314 296
343 296
344 296
350 296
41 297
45 297
113 297
290 297
301 297
14 298
21 298
23 298
24 298
32 298
34 298
35 298
41 298
45 298
76 298
100 298
113 298
124 298
125 298
126 298
127 298
130 298
174 298
177 298
185 298
186 298
187 298
232 298
235 298
236 298
237 298
240 298
250 298
253 298
254 298
256 298
257 298
258 298
263 298
264 298
265 298
290 298
295 298
296 298
301 298
309 298
310 298
311 298
312 298
314 298
315 298
317 298
321 298
323 298
324 298
325 298
326 298
327 298
330 298
336 298
340 298
343 298
344 298
350 298
364 298
379 298
381 298
185 299
295 299
310 299
312 299
314 299
321 299
324 299
325 299
326 299
327 299
330 299
337 299
340 299
184 300
232 300
264 300
290 300
292 300
293 300
295 300
309 300
310 300
314 300
324 300
325 300
326 300
327 300
330 300
337 300
340 300
20 301
41 301
44 301
82 301
93 301
95 301
100 301
106 301
109 301
113 301
123 301
177 301
184 301
201 301
218 301
222 301
241 301
272 301
276 301
278 301
284 301
285 301
286 301
287 301
298 301
82 302
93 302
95 302
100 302
106 302
109 302
113 302
123 302
201 302
11 303
20 303
23 303
24 303
25 303
26 303
31 303
32 303
35 303
41 303
44 303
45 303
50 303
63 303
65 303
93 303
111 303
116 303
128 303
134 303
172 303
176 303
178 303
184 303
193 303
217 303
288 303
290 303
295 303
320 303
113 304
124 304
179 304
206 304
212 304
216 304
232 304
264 304
278 304
284 304
285 304
286 304
287 304
306 304
307 304
314 304
316 304
317 304
113 305
179 305
307 305
113 306
179 306
232 306
264 306
304 306
307 306
116 307
128 307
172 307
176 307
179 307
193 307
206 307
212 307
216 307
222 307
237 307
264 307
272 307
276 307
278 307
284 307
285 307
286 307
287 307
288 307
295 307
116 309
172 309
176 309
178 309
193 309
206 309
290 309
295 309
320 309
113 310
172 310
176 310
179 310
184 310
288 310
290 310
295 310
298 310
307 310
311 310
113 311
288 311
338 311
35 312
37 312
38 312
39 312
40 312
41 312
45 312
48 312
49 312
179 312
184 312
186 312
187 312
188 312
190 312
298 312
304 312
310 312
314 312
315 312
316 312
317 312
321 312
322 312
324 312
325 312
326 312
327 312
333 312
334 312
335 312
336 312
338 312
340 312
344 312
180 313
184 313
197 313
340 313
124 314
179 314
184 314
187 314
232 314
237 314
264 314
290 314
292 314
293 314
298 314
304 314
307 314
312 314
316 314
317 314
321 314
322 314
324 314
325 314
326 314
336 314
340 314
113 315
179 315
180 315
197 315
340 315
344 315
124 316
184 316
187 316
304 316
312 316
314 316
321 316
326 316
333 316
336 316
338 316
340 316
113 317
114 317
123 317
124 317
130 317
145 317
177 317
184 317
185 317
186 317
187 317
188 317
190 317
204 317
205 317
232 317
264 317
298 317
304 317
305 317
306 317
307 317
310 317
312 317
314 317
321 317
322 317
324 317
326 317
327 317
333 317
336 317
340 317
3 320
34 320
35 320
116 320
176 320
184 320
232 320
288 320
301 320
340 320
371 320
184 321
187 321
190 321
298 321
312 321
314 321
316 321
317 321
324 321
325 321
335 321
336 321
338 321
340 321
45 322
184 322
187 322
188 322
232 322
288 322
312 322
314 322
317 322
325 322
326 322
334 322
335 322
338 322
340 322
184 323
298 323
340 323
184 324
186 324
188 324
232 324
298 324
312 324
317 324
321 324
325 324
330 324
337 324
340 324
35 325
37 325
39 325
40 325
41 325
45 325
48 325
49 325
113 325
124 325
125 325
178 325
184 325
187 325
188 325
232 325
264 325
288 325
290 325
292 325
293 325
298 325
299 325
300 325
301 325
311 325
312 325
314 325
321 325
322 325
323 325
324 325
333 325
336 325
337 325
338 325
340 325
343 325
344 325
364 325
179 326
298 326
312 326
314 326
317 326
322 326
340 326
338 327
340 327
340 328
340 329
324 330
340 331
340 332
124 333
177 333
184 333
187 333
188 333
190 333
197 333
232 333
312 333
316 333
317 333
321 333
322 333
324 333
326 333
336 333
338 333
340 333
113 334
134 334
143 334
144 334
151 334
177 334
184 334
187 334
190 334
193 334
195 334
197 334
199 334
335 334
21 335
32 335
38 335
39 335
40 335
45 335
312 335
314 335
315 335
328 335
329 335
331 335
332 335
334 335
338 335
340 335
381 335
113 336
124 336
177 336
184 336
188 336
288 336
298 336
317 336
321 336
324 336
325 336
333 336
334 336
335 336
324 337
340 337
21 338
22 338
34 338
35 338
36 338
39 338
45 338
46 338
48 338
49 338
184 338
188 338
232 338
264 338
288 338
297 338
298 338
309 338
310 338
312 338
321 338
322 338
325 338
326 338
327 338
333 338
335 338
340 338
344 338
381 338
382 338
340 339
21 340
34 340
35 340
38 340
39 340
40 340
45 340
48 340
49 340
184 340
197 340
232 340
288 340
297 340
298 340
312 340
316 340
317 340
320 340
321 340
322 340
324 340
325 340
335 340
337 340
338 340
344 340
3 342
218 342
371 342
108 343
123 343
232 343
236 343
238 343
239 343
240 343
241 343
264 343
267 343
290 343
294 343
295 343
296 343
355 343
356 343
360 343
364 343
201 344
240 344
288 344
289 344
290 344
291 344
294 344
295 344
296 344
298 344
345 344
352 344
364 344
105 345
232 345
237 345
239 345
264 345
344 345
346 345
347 345
348 345
349 345
351 345
352 345
357 345
364 345
366 345
368 345
369 345
89 346
92 346
217 346
225 346
227 346
229 346
232 346
236 346
237 346
238 346
239 346
247 346
249 346
288 346
345 346
347 346
348 346
349 346
351 346
364 346
366 346
368 346
369 346
346 347
348 347
349 347
351 347
346 348
347 348
349 348
351 348
346 349
347 349
348 349
351 349
240 350
262 350
267 350
289 350
290 350
291 350
296 350
344 350
345 350
352 350
347 351
348 351
349 351
364 351
366 351
368 351
369 351
89 352
92 352
217 352
225 352
227 352
229 352
232 352
236 352
237 352
238 352
239 352
247 352
249 352
288 352
344 352
345 352
357 352
364 352
366 352
368 352
369 352
237 353
239 353
344 353
346 353
347 353
348 353
349 353
351 353
352 353
364 353
366 353
368 353
369 353
347 354
348 354
349 354
351 354
368 354
92 355
227 355
229 355
237 355
240 355
343 355
344 355
345 355
347 355
348 355
349 355
351 355
352 355
364 355
366 355
368 355
92 356
227 356
229 356
232 356
237 356
239 356
290 356
343 356
344 356
345 356
346 356
347 356
348 356
349 356
351 356
352 356
357 356
364 356
366 356
368 356
92 357
229 357
343 357
352 357
364 357
366 357
368 357
237 358
343 358
344 358
345 358
348 358
349 358
352 358
364 358
366 358
368 358
369 358
237 359
239 359
240 359
267 359
344 359
345 359
347 359
348 359
349 359
351 359
352 359
364 359
366 359
368 359
369 359
240 360
267 360
344 360
345 360
352 360
237 361
343 361
347 361
348 361
349 361
351 361
364 361
366 361
368 361
369 361
237 362
239 362
347 362
349 362
364 362
366 362
368 362
369 362
237 363
239 363
347 363
348 363
349 363
351 363
364 363
366 363
368 363
10 364
11 364
13 364
17 364
18 364
92 364
105 364
227 364
229 364
232 364
236 364
237 364
238 364
239 364
240 364
241 364
264 364
288 364
289 364
290 364
291 364
294 364
295 364
296 364
298 364
343 364
344 364
345 364
350 364
352 364
356 364
357 364
360 364
10 366
34 366
82 366
89 366
92 366
93 366
95 366
100 366
106 366
109 366
113 366
123 366
125 366
132 366
201 366
217 366
219 366
222 366
224 366
225 366
232 366
236 366
237 366
238 366
239 366
241 366
248 366
249 366
264 366
270 366
288 366
298 366
302 366
346 366
347 366
349 366
351 366
368 366
369 366
370 366
381 366
382 366
82 367
89 367
92 367
93 367
95 367
100 367
106 367
109 367
113 367
125 367
201 367
217 367
219 367
222 367
224 367
225 367
232 367
236 367
237 367
238 367
239 367
241 367
248 367
249 367
264 367
270 367
288 367
298 367
302 367
347 367
349 367
351 367
366 367
369 367
10 368
34 368
82 368
89 368
92 368
93 368
95 368
100 368
109 368
113 368
201 368
217 368
219 368
222 368
224 368
225 368
232 368
236 368
237 368
238 368
239 368
241 368
248 368
249 368
264 368
270 368
288 368
298 368
302 368
348 368
351 368
366 368
369 368
370 368
381 368
382 368
82 369
89 369
92 369
93 369
95 369
100 369
106 369
201 369
217 369
219 369
222 369
224 369
225 369
232 369
236 369
237 369
238 369
239 369
241 369
248 369
249 369
264 369
270 369
288 369
302 369
347 369
349 369
366 369
368 369
124 370
142 370
143 370
376 370
377 370
84 371
90 371
91 371
92 371
93 371
96 371
99 371
101 371
102 371
104 371
105 371
107 371
108 371
109 371
113 371
125 371
135 371
137 371
138 371
202 371
204 371
217 371
226 371
227 371
228 371
229 371
142 372
218 372
376 373
377 373
380 373
82 375
84 375
89 375
90 375
91 375
92 375
93 375
95 375
96 375
99 375
100 375
101 375
102 375
104 375
105 375
106 375
107 375
108 375
109 375
113 375
123 375
124 375
125 375
142 375
143 375
172 375
176 375
181 375
182 375
184 375
190 375
193 375
195 375
197 375
199 375
201 375
217 375
226 375
228 375
229 375
232 375
236 375
240 375
270 375
282 375
288 375
298 375
320 375
322 375
325 375
327 375
340 375
94 376
102 376
113 376
176 376
201 376
217 376
232 376
236 376
240 376
264 376
270 376
282 376
288 376
325 376
340 376
109 377
113 377
123 377
172 377
176 377
178 377
182 377
193 377
195 377
206 377
232 377
270 377
282 377
288 377
298 377
301 377
312 377
314 377
315 377
320 377
324 377
325 377
327 377
340 377
370 377
382 377
100 378
107 378
109 378
123 378
125 378
142 378
143 378
172 378
173 378
181 378
182 378
190 378
193 378
195 378
197 378
199 378
226 378
232 378
288 378
298 378
84 379
90 379
91 379
92 379
93 379
95 379
96 379
99 379
100 379
101 379
102 379
104 379
105 379
106 379
107 379
108 379
109 379
113 379
125 379
135 379
137 379
138 379
142 379
143 379
172 379
176 379
181 379
182 379
190 379
193 379
195 379
197 379
199 379
202 379
204 379
226 379
227 379
228 379
229 379
232 379
236 379
240 379
270 379
282 379
288 379
100 380
109 380
113 380
123 380
124 380
142 380
143 380
172 380
173 380
176 380
181 380
182 380
184 380
190 380
193 380
195 380
197 380
199 380
240 380
288 380
298 380
312 380
320 380
325 380
327 380
340 380
123 381
124 381
142 381
143 381
182 381
201 381
218 381
298 381
123 382
288 382
298 382
320 382
340 382
237 383
239 383
240 383
244 383
249 383
250 383
371 383
