87 79
79 87
114 87
134 87
140 87
121 103
126 103
127 103
134 103
140 103
114 110
131 110
114 112
115 112
131 112
115 114
116 114
131 114
134 114
137 114
138 114
139 114
143 114
114 115
116 115
131 115
114 116
115 116
117 116
118 116
119 116
131 116
137 116
138 116
143 116
116 117
116 118
116 119
87 121
103 121
127 121
140 121
103 122
126 122
129 122
131 122
143 122
134 126
103 129
121 129
122 129
126 129
131 129
143 129
103 131
110 131
115 131
116 131
122 131
127 131
134 131
143 131
114 134
135 134
139 134
134 135
139 135
116 137
116 138
114 139
134 139
135 139
134 140
116 143
127 143
131 143
134 143
144 143
151 143
131 144
134 144
139 144
143 144
151 144
114 151
115 151
131 151
134 151
139 151
143 151
144 151
