105 3
371 3
197 6
264 6
336 6
340 6
264 7
92 8
92 9
162 13
165 13
92 17
178 20
284 20
304 20
306 20
340 21
382 21
143 23
143 24
181 24
304 24
310 24
326 24
336 24
340 24
143 25
144 25
153 25
157 25
158 25
181 25
143 27
195 27
197 27
326 27
336 27
178 31
181 31
284 31
304 31
178 32
284 32
304 32
310 32
102 33
144 33
153 33
157 33
158 33
181 33
193 33
195 33
197 33
199 33
340 33
338 36
312 37
382 37
312 38
338 38
382 38
312 39
335 39
338 39
382 39
312 40
335 40
338 40
382 40
178 42
178 43
284 43
153 44
163 44
181 44
193 44
194 44
195 44
197 44
199 44
304 44
306 44
312 44
336 44
340 44
382 46
312 48
312 49
178 51
93 52
93 54
143 54
143 55
227 57
227 58
143 60
144 60
153 60
181 60
162 62
163 62
181 63
165 64
181 64
153 66
165 66
153 67
162 67
163 67
165 67
166 67
193 67
195 67
144 69
181 69
197 70
101 71
105 71
134 71
135 71
139 71
144 71
151 71
153 71
181 71
203 71
204 71
207 71
143 72
144 72
153 72
181 72
193 72
199 72
33 74
143 74
33 75
153 75
157 75
158 75
33 76
92 76
93 76
101 76
105 76
134 76
143 76
151 76
202 76
203 76
204 76
205 76
87 79
88 79
162 79
163 79
224 79
93 83
101 83
8 84
9 84
74 84
76 84
92 84
93 84
96 84
99 84
101 84
102 84
104 84
105 84
107 84
108 84
204 84
205 84
217 84
226 84
227 84
228 84
229 84
242 84
243 84
246 84
253 84
254 84
257 84
258 84
260 84
261 84
264 84
269 84
345 84
346 84
352 84
79 87
88 87
114 87
134 87
140 87
162 87
163 87
170 87
203 87
219 87
221 87
224 87
64 88
79 88
90 88
134 88
170 88
182 88
226 88
227 88
84 90
88 90
91 90
92 90
93 90
96 90
99 90
101 90
102 90
104 90
105 90
107 90
108 90
135 90
137 90
138 90
165 90
204 90
217 90
224 90
226 90
227 90
228 90
229 90
84 91
88 91
90 91
92 91
93 91
96 91
101 91
102 91
104 91
105 91
107 91
108 91
135 91
202 91
204 91
217 91
226 91
227 91
228 91
229 91
236 91
242 91
243 91
245 91
8 92
27 92
57 92
58 92
84 92
90 92
91 92
93 92
96 92
99 92
101 92
102 92
104 92
105 92
107 92
108 92
137 92
138 92
202 92
204 92
205 92
217 92
222 92
226 92
227 92
228 92
229 92
236 92
242 92
243 92
245 92
251 92
252 92
253 92
254 92
256 92
257 92
258 92
260 92
261 92
262 92
264 92
267 92
269 92
345 92
346 92
352 92
363 92
383 92
7 93
8 93
9 93
11 93
13 93
15 93
16 93
17 93
18 93
23 93
24 93
25 93
27 93
28 93
31 93
32 93
51 93
52 93
54 93
60 93
76 93
83 93
84 93
85 93
90 93
92 93
96 93
97 93
98 93
99 93
101 93
108 93
110 93
111 93
112 93
114 93
115 93
131 93
178 93
202 93
204 93
205 93
208 93
210 93
215 93
217 93
219 93
222 93
224 93
227 93
229 93
236 93
243 93
246 93
262 93
264 93
265 93
267 93
272 93
273 93
276 93
284 93
285 93
286 93
309 93
340 93
344 93
350 93
353 93
358 93
84 96
92 96
227 96
229 96
93 97
101 97
93 98
84 99
90 99
91 99
92 99
93 99
96 99
101 99
102 99
105 99
107 99
108 99
135 99
138 99
202 99
204 99
226 99
227 99
228 99
229 99
242 99
243 99
245 99
246 99
8 101
11 101
13 101
15 101
16 101
17 101
18 101
23 101
24 101
31 101
51 101
54 101
57 101
58 101
60 101
76 101
84 101
88 101
90 101
91 101
92 101
93 101
96 101
99 101
102 101
104 101
105 101
107 101
108 101
114 101
135 101
137 101
138 101
143 101
178 101
182 101
202 101
204 101
217 101
219 101
222 101
224 101
226 101
227 101
228 101
229 101
236 101
242 101
243 101
245 101
246 101
264 101
272 101
279 101
281 101
290 101
293 101
296 101
297 101
309 101
310 101
344 101
345 101
346 101
350 101
351 101
352 101
354 101
88 102
90 102
91 102
92 102
96 102
99 102
101 102
104 102
105 102
107 102
118 102
135 102
137 102
138 102
165 102
189 102
202 102
204 102
205 102
219 102
226 102
227 102
228 102
229 102
243 102
246 102
383 102
93 103
121 103
126 103
127 103
134 103
140 103
290 103
293 103
296 103
84 104
90 104
91 104
92 104
96 104
101 104
102 104
105 104
107 104
108 104
135 104
137 104
138 104
143 104
202 104
204 104
226 104
227 104
8 105
11 105
16 105
17 105
18 105
23 105
24 105
25 105
31 105
32 105
51 105
54 105
55 105
76 105
90 105
91 105
92 105
93 105
96 105
97 105
99 105
101 105
102 105
104 105
107 105
108 105
114 105
115 105
131 105
137 105
138 105
143 105
178 105
185 105
186 105
202 105
204 105
205 105
222 105
226 105
227 105
229 105
243 105
246 105
272 105
276 105
279 105
281 105
284 105
285 105
286 105
290 105
292 105
293 105
296 105
297 105
309 105
310 105
84 107
90 107
91 107
92 107
93 107
96 107
99 107
101 107
102 107
104 107
105 107
108 107
135 107
137 107
138 107
204 107
217 107
226 107
227 107
229 107
236 107
243 107
8 108
84 108
91 108
92 108
93 108
96 108
99 108
101 108
107 108
204 108
205 108
208 108
210 108
214 108
215 108
216 108
217 108
227 108
229 108
243 108
253 108
254 108
257 108
258 108
260 108
261 108
262 108
264 108
269 108
346 108
352 108
93 110
114 110
131 110
93 111
101 111
105 111
112 111
114 111
115 111
131 111
193 111
198 111
203 111
217 111
222 111
224 111
236 111
264 111
276 111
284 111
285 111
286 111
93 112
101 112
105 112
111 112
114 112
115 112
131 112
203 112
217 112
264 112
272 112
284 112
285 112
286 112
11 114
17 114
20 114
23 114
24 114
31 114
32 114
54 114
55 114
60 114
76 114
101 114
105 114
115 114
131 114
134 114
137 114
138 114
139 114
143 114
147 114
178 114
185 114
186 114
279 114
280 114
281 114
287 114
292 114
293 114
296 114
297 114
309 114
310 114
312 114
344 114
350 114
24 115
27 115
51 115
54 115
76 115
93 115
114 115
131 115
147 115
272 115
277 115
279 115
280 115
281 115
284 115
287 115
147 118
147 119
87 121
103 121
127 121
140 121
181 121
182 121
205 121
93 122
103 122
126 122
129 122
131 122
143 122
178 122
197 122
216 122
264 122
285 122
134 126
185 126
186 126
187 126
197 126
296 126
297 126
299 126
309 126
310 126
312 126
314 126
321 126
326 126
340 126
103 129
121 129
122 129
126 129
131 129
143 129
175 129
179 129
190 129
198 129
277 129
284 129
287 129
307 129
17 131
18 131
24 131
27 131
31 131
32 131
51 131
54 131
55 131
60 131
69 131
93 131
103 131
105 131
110 131
111 131
115 131
122 131
127 131
134 131
143 131
178 131
179 131
197 131
198 131
205 131
216 131
264 131
279 131
281 131
284 131
287 131
23 134
24 134
25 134
44 134
60 134
63 134
64 134
66 134
69 134
71 134
72 134
74 134
76 134
114 134
135 134
139 134
153 134
154 134
173 134
182 134
185 134
189 134
190 134
202 134
205 134
263 134
280 134
334 134
335 134
58 135
74 135
92 135
134 135
139 135
153 135
227 135
24 136
25 136
44 136
60 136
66 136
69 136
71 136
72 136
147 137
227 137
92 138
147 138
24 139
25 139
44 139
54 139
60 139
63 139
64 139
66 139
69 139
71 139
72 139
74 139
114 139
134 139
135 139
153 139
154 139
182 139
186 139
187 139
189 139
190 139
280 139
134 140
3 143
9 143
11 143
15 143
18 143
23 143
24 143
25 143
27 143
31 143
32 143
44 143
51 143
54 143
55 143
60 143
66 143
69 143
70 143
71 143
72 143
74 143
76 143
127 143
131 143
134 143
144 143
147 143
151 143
181 143
187 143
190 143
193 143
195 143
197 143
199 143
202 143
203 143
204 143
205 143
207 143
280 143
334 143
335 143
371 143
381 143
6 144
7 144
8 144
9 144
11 144
24 144
25 144
32 144
33 144
44 144
60 144
63 144
64 144
66 144
69 144
70 144
71 144
72 144
74 144
131 144
134 144
139 144
143 144
147 144
151 144
153 144
158 144
174 144
185 144
186 144
187 144
189 144
190 144
193 144
195 144
197 144
199 144
202 144
203 144
204 144
205 144
207 144
280 144
334 144
114 147
115 147
118 147
119 147
137 147
138 147
143 147
144 147
148 147
179 147
190 147
195 147
197 147
198 147
199 147
147 148
153 149
158 149
202 149
204 149
207 149
153 150
202 150
204 150
207 150
8 151
11 151
24 151
25 151
27 151
31 151
32 151
44 151
60 151
66 151
69 151
70 151
71 151
72 151
74 151
76 151
114 151
115 151
131 151
134 151
139 151
143 151
144 151
178 151
181 151
202 151
203 151
204 151
205 151
207 151
219 151
224 151
334 151
6 153
24 153
25 153
27 153
32 153
44 153
51 153
60 153
64 153
66 153
67 153
69 153
71 153
72 153
75 153
134 153
135 153
139 153
144 153
150 153
162 153
163 153
165 153
166 153
173 153
182 153
190 153
193 153
202 153
203 153
204 153
207 153
134 154
139 154
162 154
163 154
166 154
169 154
182 154
202 154
203 154
207 154
24 157
25 157
75 157
153 157
158 157
202 157
204 157
207 157
25 158
75 158
149 158
153 158
202 158
203 158
207 158
25 162
62 162
64 162
67 162
79 162
134 162
153 162
163 162
165 162
166 162
171 162
189 162
219 162
220 162
44 163
62 163
67 163
79 163
134 163
153 163
162 163
165 163
166 163
182 163
190 163
193 163
220 163
224 163
44 165
64 165
67 165
134 165
162 165
163 165
166 165
171 165
25 166
44 166
62 166
64 166
66 166
67 166
134 166
162 166
163 166
165 166
202 166
204 166
227 166
162 168
165 168
171 168
352 169
87 170
88 170
224 170
134 171
162 171
165 171
166 171
168 171
134 173
153 173
182 173
134 175
190 175
193 175
195 175
3 178
8 178
21 178
23 178
25 178
31 178
32 178
38 178
40 178
42 178
43 178
47 178
51 178
54 178
70 178
72 178
134 178
193 178
195 178
296 178
297 178
304 178
306 178
309 178
310 178
312 178
314 178
336 178
340 178
371 178
6 179
7 179
8 179
23 179
24 179
27 179
55 179
67 179
70 179
72 179
147 179
287 179
304 179
306 179
309 179
24 181
27 181
44 181
54 181
55 181
67 181
134 181
182 181
24 182
25 182
44 182
54 182
55 182
63 182
64 182
67 182
72 182
79 182
134 182
139 182
153 182
154 182
162 182
163 182
219 182
224 182
381 182
293 185
293 186
324 186
340 186
79 187
309 187
312 187
314 187
316 187
317 187
321 187
324 187
334 187
335 187
340 187
312 188
324 188
336 188
338 188
340 188
134 189
139 189
163 189
190 189
334 189
25 190
44 190
54 190
67 190
70 190
134 190
147 190
153 190
193 190
195 190
321 190
334 190
335 190
25 193
32 193
44 193
51 193
66 193
67 193
70 193
72 193
153 193
195 193
197 193
44 194
25 195
44 195
55 195
67 195
70 195
134 195
143 195
144 195
147 195
151 195
181 195
187 195
189 195
190 195
193 195
197 195
199 195
207 195
334 195
335 195
7 197
8 197
11 197
24 197
27 197
29 197
44 197
51 197
54 197
70 197
72 197
131 197
143 197
147 197
193 197
195 197
199 197
207 197
219 197
224 197
265 197
304 197
306 197
313 197
334 197
335 197
340 197
122 198
129 198
131 198
143 198
144 198
147 198
151 198
162 198
163 198
175 198
178 198
179 198
190 198
195 198
197 198
199 198
202 198
205 198
207 198
208 198
209 198
210 198
216 198
264 198
277 198
287 198
129 199
131 199
140 199
143 199
144 199
147 199
162 199
163 199
165 199
166 199
175 199
178 199
181 199
190 199
193 199
195 199
197 199
198 199
202 199
204 199
207 199
208 199
209 199
219 199
224 199
277 199
287 199
334 199
92 202
93 202
101 202
105 202
131 202
134 202
135 202
136 202
137 202
138 202
143 202
144 202
193 202
197 202
207 202
263 202
264 202
339 202
71 203
74 203
134 203
139 203
143 203
144 203
151 203
74 204
84 204
92 204
99 204
108 204
134 204
153 204
158 204
193 204
197 204
202 204
207 204
227 204
229 204
264 204
84 205
92 205
99 205
108 205
134 205
197 205
202 205
207 205
229 205
264 205
71 207
74 207
93 207
101 207
129 207
131 207
134 207
136 207
143 207
144 207
151 207
162 207
163 207
165 207
166 207
175 207
178 207
179 207
181 207
187 207
190 207
193 207
195 207
197 207
198 207
199 207
202 207
204 207
205 207
208 207
209 207
210 207
216 207
217 207
219 207
224 207
264 207
277 207
287 207
179 208
202 208
204 208
205 208
207 208
210 208
264 208
129 209
143 209
144 209
165 209
166 209
178 209
193 209
195 209
197 209
198 209
199 209
202 209
207 209
208 209
220 209
287 209
202 210
264 210
122 214
122 215
122 216
3 217
84 217
92 217
93 217
101 217
202 217
204 217
208 217
215 217
227 217
229 217
236 217
262 217
263 217
264 217
265 217
267 217
272 217
273 217
284 217
285 217
286 217
344 217
350 217
371 217
3 219
134 219
162 219
163 219
165 219
197 219
220 219
224 219
371 219
162 220
163 220
165 220
219 220
134 221
273 222
67 224
134 224
182 224
197 224
219 224
236 224
58 226
92 226
227 226
57 227
58 227
84 227
92 227
11 228
23 228
64 228
84 228
88 228
90 228
91 228
92 228
101 228
102 228
107 228
135 228
165 228
204 228
217 228
226 228
227 228
229 228
236 228
242 228
243 228
245 228
251 228
253 228
254 228
256 228
345 228
346 228
351 228
352 228
355 228
356 228
363 228
383 228
52 229
57 229
58 229
84 229
90 229
91 229
92 229
93 229
96 229
99 229
101 229
105 229
108 229
135 229
137 229
138 229
202 229
204 229
205 229
217 229
222 229
226 229
227 229
228 229
236 229
242 229
243 229
245 229
246 229
251 229
253 229
254 229
256 229
272 229
345 229
346 229
351 229
352 229
355 229
363 229
383 229
219 233
222 233
224 233
236 233
238 233
239 233
253 233
254 233
257 233
258 233
262 233
264 233
267 233
93 234
135 234
214 234
215 234
216 234
217 234
219 234
222 234
224 234
236 234
238 234
239 234
253 234
254 234
257 234
258 234
262 234
264 234
267 234
92 236
224 236
227 236
229 236
247 236
253 236
262 236
290 236
344 236
345 236
350 236
353 236
381 236
92 238
219 238
222 238
224 238
236 238
239 238
247 238
253 238
254 238
256 238
257 238
258 238
264 238
267 238
290 238
345 238
346 238
353 238
359 238
93 239
135 239
214 239
215 239
217 239
219 239
222 239
224 239
236 239
238 239
253 239
254 239
256 239
257 239
258 239
264 239
290 239
345 239
346 239
352 239
353 239
355 239
356 239
358 239
359 239
362 239
363 239
367 239
369 239
84 242
92 242
227 242
229 242
84 243
92 243
108 243
227 243
229 243
92 245
227 245
229 245
84 246
229 246
290 247
92 251
108 251
227 251
229 251
236 251
247 251
92 252
247 252
92 253
108 253
229 253
236 253
238 253
239 253
247 253
264 253
265 253
371 253
92 254
108 254
227 254
229 254
236 254
238 254
239 254
247 254
236 255
252 255
262 255
265 255
267 255
269 255
350 255
353 255
355 255
381 255
92 256
227 256
229 256
236 256
239 256
92 257
236 257
238 257
247 257
264 257
92 258
214 258
215 258
216 258
217 258
222 258
227 258
236 258
238 258
239 258
247 258
264 258
284 258
381 258
383 258
92 260
108 260
92 261
108 261
92 262
108 262
234 262
290 262
350 262
351 262
251 263
253 263
258 263
290 263
3 264
92 264
135 264
216 264
219 264
222 264
224 264
236 264
238 264
239 264
253 264
254 264
257 264
258 264
262 264
267 264
290 264
304 264
306 264
345 264
352 264
353 264
371 264
122 265
197 265
251 265
253 265
258 265
290 265
233 267
234 267
236 267
251 267
253 267
258 267
264 267
290 267
347 267
349 267
350 267
351 267
236 268
251 268
253 268
254 268
256 268
257 268
258 268
251 269
253 269
258 269
347 269
350 269
20 272
31 272
32 272
105 272
115 272
276 272
277 272
279 272
281 272
285 272
286 272
307 272
309 272
222 273
272 273
276 273
284 273
285 273
287 273
20 276
272 276
273 276
279 276
284 276
20 277
31 277
32 277
105 277
115 277
272 277
273 277
276 277
279 277
280 277
281 277
287 277
307 277
20 279
31 279
101 279
105 279
114 279
115 279
131 279
272 279
276 279
277 279
281 279
114 280
115 280
101 281
105 281
114 281
115 281
131 281
20 284
31 284
93 284
220 284
222 284
272 284
273 284
276 284
277 284
279 284
285 284
286 284
287 284
304 284
306 284
307 284
309 284
20 285
32 285
93 285
105 285
111 285
115 285
217 285
222 285
272 285
273 285
284 285
286 285
304 285
306 285
307 285
309 285
310 285
20 286
32 286
93 286
105 286
217 286
272 286
273 286
285 286
304 286
306 286
307 286
309 286
31 287
32 287
193 287
197 287
198 287
216 287
236 287
264 287
272 287
273 287
276 287
280 287
304 287
306 287
307 287
309 287
236 290
238 290
239 290
247 290
263 290
264 290
265 290
267 290
286 290
292 290
293 290
296 290
299 290
300 290
344 290
350 290
359 290
296 292
185 293
186 293
290 293
296 293
297 293
299 293
300 293
310 293
312 293
314 293
290 296
309 296
310 296
314 296
344 296
350 296
290 297
185 299
310 299
312 299
314 299
321 299
324 299
326 299
330 299
337 299
340 299
264 300
290 300
292 300
293 300
309 300
310 300
314 300
324 300
326 300
330 300
337 300
340 300
179 304
216 304
264 304
284 304
285 304
286 304
287 304
306 304
307 304
314 304
316 304
317 304
179 305
307 305
179 306
264 306
304 306
307 306
179 307
193 307
216 307
222 307
264 307
272 307
276 307
284 307
285 307
286 307
287 307
178 309
193 309
290 309
179 310
290 310
307 310
37 312
38 312
39 312
40 312
48 312
49 312
179 312
186 312
187 312
188 312
190 312
304 312
310 312
314 312
316 312
317 312
321 312
324 312
326 312
334 312
335 312
336 312
338 312
340 312
344 312
197 313
340 313
179 314
187 314
264 314
290 314
292 314
293 314
304 314
307 314
312 314
316 314
317 314
321 314
324 314
326 314
336 314
340 314
187 316
304 316
312 316
314 316
321 316
326 316
336 316
338 316
340 316
114 317
130 317
185 317
186 317
187 317
188 317
190 317
204 317
205 317
264 317
304 317
305 317
306 317
307 317
310 317
312 317
314 317
321 317
324 317
326 317
336 317
340 317
187 321
190 321
312 321
314 321
316 321
317 321
324 321
335 321
336 321
338 321
340 321
340 323
186 324
188 324
312 324
317 324
321 324
330 324
337 324
340 324
179 326
312 326
314 326
317 326
340 326
340 328
340 329
324 330
340 331
340 332
134 334
143 334
144 334
151 334
187 334
190 334
193 334
195 334
197 334
199 334
335 334
21 335
32 335
38 335
39 335
40 335
312 335
314 335
328 335
329 335
331 335
332 335
334 335
338 335
340 335
381 335
188 336
317 336
321 336
324 336
334 336
335 336
324 337
340 337
21 338
36 338
39 338
46 338
48 338
49 338
188 338
264 338
297 338
309 338
310 338
312 338
321 338
326 338
335 338
340 338
344 338
381 338
382 338
340 339
21 340
38 340
39 340
40 340
48 340
49 340
197 340
297 340
312 340
316 340
317 340
321 340
324 340
335 340
337 340
338 340
344 340
290 344
296 344
345 344
352 344
105 345
239 345
264 345
344 345
346 345
347 345
348 345
349 345
351 345
352 345
366 345
368 345
369 345
92 346
217 346
227 346
229 346
236 346
238 346
239 346
247 346
345 346
347 346
348 346
349 346
351 346
366 346
368 346
369 346
346 347
348 347
349 347
351 347
346 348
347 348
349 348
351 348
346 349
347 349
348 349
351 349
262 350
267 350
290 350
296 350
344 350
345 350
352 350
347 351
348 351
349 351
366 351
368 351
369 351
92 352
217 352
227 352
229 352
236 352
238 352
239 352
247 352
344 352
345 352
366 352
368 352
369 352
239 353
344 353
346 353
347 353
348 353
349 353
351 353
352 353
366 353
368 353
369 353
347 354
348 354
349 354
351 354
368 354
92 355
227 355
229 355
344 355
345 355
347 355
348 355
349 355
351 355
352 355
366 355
368 355
92 356
227 356
229 356
239 356
290 356
344 356
345 356
346 356
347 356
348 356
349 356
351 356
352 356
366 356
368 356
344 358
345 358
348 358
349 358
352 358
366 358
368 358
369 358
239 359
267 359
344 359
345 359
347 359
348 359
349 359
351 359
352 359
366 359
368 359
369 359
347 361
348 361
349 361
351 361
366 361
368 361
369 361
239 362
347 362
349 362
366 362
368 362
369 362
239 363
347 363
348 363
349 363
351 363
366 363
368 363
92 366
93 366
217 366
219 366
222 366
224 366
236 366
238 366
239 366
264 366
346 366
347 366
349 366
351 366
368 366
369 366
370 366
381 366
382 366
92 367
93 367
217 367
219 367
222 367
224 367
236 367
238 367
239 367
264 367
347 367
349 367
351 367
366 367
369 367
92 368
93 368
217 368
219 368
222 368
224 368
236 368
238 368
239 368
264 368
348 368
351 368
366 368
369 368
370 368
381 368
382 368
92 369
93 369
217 369
219 369
222 369
224 369
236 369
238 369
239 369
264 369
347 369
349 369
366 369
368 369
143 370
376 370
377 370
84 371
90 371
91 371
92 371
93 371
96 371
99 371
101 371
102 371
104 371
105 371
107 371
108 371
135 371
137 371
138 371
202 371
204 371
217 371
226 371
227 371
228 371
229 371
376 373
377 373
380 373
102 376
217 376
236 376
264 376
340 376
178 377
182 377
193 377
195 377
312 377
314 377
324 377
340 377
370 377
382 377
84 379
90 379
91 379
92 379
93 379
96 379
99 379
101 379
102 379
104 379
105 379
107 379
108 379
135 379
137 379
138 379
143 379
181 379
182 379
190 379
193 379
195 379
197 379
199 379
202 379
204 379
226 379
227 379
228 379
229 379
236 379
143 380
173 380
181 380
182 380
190 380
193 380
195 380
197 380
199 380
312 380
340 380
143 381
182 381
340 382
239 383
371 383
