104 2
370 2
196 5
263 5
335 5
339 5
263 6
91 7
91 8
161 12
164 12
91 16
177 19
283 19
303 19
305 19
339 20
381 20
142 22
142 23
180 23
303 23
309 23
325 23
335 23
339 23
142 24
143 24
152 24
156 24
157 24
180 24
142 26
194 26
196 26
325 26
335 26
177 30
180 30
283 30
303 30
177 31
283 31
303 31
309 31
101 32
143 32
152 32
156 32
157 32
180 32
192 32
194 32
196 32
198 32
339 32
337 35
311 36
381 36
311 37
337 37
381 37
311 38
334 38
337 38
381 38
311 39
334 39
337 39
381 39
177 41
177 42
283 42
152 43
162 43
180 43
192 43
193 43
194 43
196 43
198 43
303 43
305 43
311 43
335 43
339 43
381 45
311 47
311 48
177 50
92 51
92 53
142 53
142 54
226 56
226 57
142 59
143 59
152 59
180 59
161 61
162 61
180 62
164 63
180 63
152 65
164 65
152 66
161 66
162 66
164 66
165 66
192 66
194 66
143 68
180 68
196 69
100 70
104 70
133 70
134 70
138 70
143 70
150 70
152 70
180 70
202 70
203 70
206 70
142 71
143 71
152 71
180 71
192 71
198 71
32 73
142 73
32 74
152 74
156 74
157 74
32 75
91 75
92 75
100 75
104 75
133 75
142 75
150 75
201 75
202 75
203 75
204 75
86 78
87 78
161 78
162 78
223 78
92 82
100 82
7 83
8 83
73 83
75 83
91 83
92 83
95 83
98 83
100 83
101 83
103 83
104 83
106 83
107 83
203 83
204 83
216 83
225 83
226 83
227 83
228 83
241 83
242 83
245 83
252 83
253 83
256 83
257 83
259 83
260 83
263 83
268 83
344 83
345 83
351 83
78 86
87 86
113 86
133 86
139 86
161 86
162 86
169 86
202 86
218 86
220 86
223 86
63 87
78 87
89 87
133 87
169 87
181 87
225 87
226 87
83 89
87 89
90 89
91 89
92 89
95 89
98 89
100 89
101 89
103 89
104 89
106 89
107 89
134 89
136 89
137 89
164 89
203 89
216 89
223 89
225 89
226 89
227 89
228 89
83 90
87 90
89 90
91 90
92 90
95 90
100 90
101 90
103 90
104 90
106 90
107 90
134 90
201 90
203 90
216 90
225 90
226 90
227 90
228 90
235 90
241 90
242 90
244 90
7 91
26 91
56 91
57 91
83 91
89 91
90 91
92 91
95 91
98 91
100 91
101 91
103 91
104 91
106 91
107 91
136 91
137 91
201 91
203 91
204 91
216 91
221 91
225 91
226 91
227 91
228 91
235 91
241 91
242 91
244 91
250 91
251 91
252 91
253 91
255 91
256 91
257 91
259 91
260 91
261 91
263 91
266 91
268 91
344 91
345 91
351 91
362 91
382 91
6 92
7 92
8 92
10 92
12 92
14 92
15 92
16 92
17 92
22 92
23 92
24 92
26 92
27 92
30 92
31 92
50 92
51 92
53 92
59 92
75 92
82 92
83 92
84 92
89 92
91 92
95 92
96 92
97 92
98 92
100 92
107 92
109 92
110 92
111 92
113 92
114 92
130 92
177 92
201 92
203 92
204 92
207 92
209 92
214 92
216 92
218 92
221 92
223 92
226 92
228 92
235 92
242 92
245 92
261 92
263 92
264 92
266 92
271 92
272 92
275 92
283 92
284 92
285 92
308 92
339 92
343 92
349 92
352 92
357 92
83 95
91 95
226 95
228 95
92 96
100 96
92 97
83 98
89 98
90 98
91 98
92 98
95 98
100 98
101 98
104 98
106 98
107 98
134 98
137 98
201 98
203 98
225 98
226 98
227 98
228 98
241 98
242 98
244 98
245 98
7 100
10 100
12 100
14 100
15 100
16 100
17 100
22 100
23 100
30 100
50 100
53 100
56 100
57 100
59 100
75 100
83 100
87 100
89 100
90 100
91 100
92 100
95 100
98 100
101 100
103 100
104 100
106 100
107 100
113 100
134 100
136 100
137 100
142 100
177 100
181 100
201 100
203 100
216 100
218 100
221 100
223 100
225 100
226 100
227 100
228 100
235 100
241 100
242 100
244 100
245 100
263 100
271 100
278 100
280 100
289 100
292 100
295 100
296 100
308 100
309 100
343 100
344 100
345 100
349 100
350 100
351 100
353 100
87 101
89 101
90 101
91 101
95 101
98 101
100 101
103 101
104 101
106 101
117 101
134 101
136 101
137 101
164 101
188 101
201 101
203 101
204 101
218 101
225 101
226 101
227 101
228 101
242 101
245 101
382 101
92 102
120 102
125 102
126 102
133 102
139 102
289 102
292 102
295 102
83 103
89 103
90 103
91 103
95 103
100 103
101 103
104 103
106 103
107 103
134 103
136 103
137 103
142 103
201 103
203 103
225 103
226 103
7 104
10 104
15 104
16 104
17 104
22 104
23 104
24 104
30 104
31 104
50 104
53 104
54 104
75 104
89 104
90 104
91 104
92 104
95 104
96 104
98 104
100 104
101 104
103 104
106 104
107 104
113 104
114 104
130 104
136 104
137 104
142 104
177 104
184 104
185 104
201 104
203 104
204 104
221 104
225 104
226 104
228 104
242 104
245 104
271 104
275 104
278 104
280 104
283 104
284 104
285 104
289 104
291 104
292 104
295 104
296 104
308 104
309 104
83 106
89 106
90 106
91 106
92 106
95 106
98 106
100 106
101 106
103 106
104 106
107 106
134 106
136 106
137 106
203 106
216 106
225 106
226 106
228 106
235 106
242 106
7 107
83 107
90 107
91 107
92 107
95 107
98 107
100 107
106 107
203 107
204 107
207 107
209 107
213 107
214 107
215 107
216 107
226 107
228 107
242 107
252 107
253 107
256 107
257 107
259 107
260 107
261 107
263 107
268 107
345 107
351 107
92 109
113 109
130 109
92 110
100 110
104 110
111 110
113 110
114 110
130 110
192 110
197 110
202 110
216 110
221 110
223 110
235 110
263 110
275 110
283 110
284 110
285 110
92 111
100 111
104 111
110 111
113 111
114 111
130 111
202 111
216 111
263 111
271 111
283 111
284 111
285 111
10 113
16 113
19 113
22 113
23 113
30 113
31 113
53 113
54 113
59 113
75 113
100 113
104 113
114 113
130 113
133 113
136 113
137 113
138 113
142 113
146 113
177 113
184 113
185 113
278 113
279 113
280 113
286 113
291 113
292 113
295 113
296 113
308 113
309 113
311 113
343 113
349 113
23 114
26 114
50 114
53 114
75 114
92 114
113 114
130 114
146 114
271 114
276 114
278 114
279 114
280 114
283 114
286 114
146 117
146 118
86 120
102 120
126 120
139 120
180 120
181 120
204 120
92 121
102 121
125 121
128 121
130 121
142 121
177 121
196 121
215 121
263 121
284 121
133 125
184 125
185 125
186 125
196 125
295 125
296 125
298 125
308 125
309 125
311 125
313 125
320 125
325 125
339 125
102 128
120 128
121 128
125 128
130 128
142 128
174 128
178 128
189 128
197 128
276 128
283 128
286 128
306 128
16 130
17 130
23 130
26 130
30 130
31 130
50 130
53 130
54 130
59 130
68 130
92 130
102 130
104 130
109 130
110 130
114 130
121 130
126 130
133 130
142 130
177 130
178 130
196 130
197 130
204 130
215 130
263 130
278 130
280 130
283 130
286 130
22 133
23 133
24 133
43 133
59 133
62 133
63 133
65 133
68 133
70 133
71 133
73 133
75 133
113 133
134 133
138 133
152 133
153 133
172 133
181 133
184 133
188 133
189 133
201 133
204 133
262 133
279 133
333 133
334 133
57 134
73 134
91 134
133 134
138 134
152 134
226 134
23 135
24 135
43 135
59 135
65 135
68 135
70 135
71 135
146 136
226 136
91 137
146 137
23 138
24 138
43 138
53 138
59 138
62 138
63 138
65 138
68 138
70 138
71 138
73 138
113 138
133 138
134 138
152 138
153 138
181 138
185 138
186 138
188 138
189 138
279 138
133 139
2 142
8 142
10 142
14 142
17 142
22 142
23 142
24 142
26 142
30 142
31 142
43 142
50 142
53 142
54 142
59 142
65 142
68 142
69 142
70 142
71 142
73 142
75 142
126 142
130 142
133 142
143 142
146 142
150 142
180 142
186 142
189 142
192 142
194 142
196 142
198 142
201 142
202 142
203 142
204 142
206 142
279 142
333 142
334 142
370 142
380 142
5 143
6 143
7 143
8 143
10 143
23 143
24 143
31 143
32 143
43 143
59 143
62 143
63 143
65 143
68 143
69 143
70 143
71 143
73 143
130 143
133 143
138 143
142 143
146 143
150 143
152 143
157 143
173 143
184 143
185 143
186 143
188 143
189 143
192 143
194 143
196 143
198 143
201 143
202 143
203 143
204 143
206 143
279 143
333 143
113 146
114 146
117 146
118 146
136 146
137 146
142 146
143 146
147 146
178 146
189 146
194 146
196 146
197 146
198 146
146 147
152 148
157 148
201 148
203 148
206 148
152 149
201 149
203 149
206 149
7 150
10 150
23 150
24 150
26 150
30 150
31 150
43 150
59 150
65 150
68 150
69 150
70 150
71 150
73 150
75 150
113 150
114 150
130 150
133 150
138 150
142 150
143 150
177 150
180 150
201 150
202 150
203 150
204 150
206 150
218 150
223 150
333 150
5 152
23 152
24 152
26 152
31 152
43 152
50 152
59 152
63 152
65 152
66 152
68 152
70 152
71 152
74 152
133 152
134 152
138 152
143 152
149 152
161 152
162 152
164 152
165 152
172 152
181 152
189 152
192 152
201 152
202 152
203 152
206 152
133 153
138 153
161 153
162 153
165 153
168 153
181 153
201 153
202 153
206 153
23 156
24 156
74 156
152 156
157 156
201 156
203 156
206 156
24 157
74 157
148 157
152 157
201 157
202 157
206 157
24 161
61 161
63 161
66 161
78 161
133 161
152 161
162 161
164 161
165 161
170 161
188 161
218 161
219 161
43 162
61 162
66 162
78 162
133 162
152 162
161 162
164 162
165 162
181 162
189 162
192 162
219 162
223 162
43 164
63 164
66 164
133 164
161 164
162 164
165 164
170 164
24 165
43 165
61 165
63 165
65 165
66 165
133 165
161 165
162 165
164 165
201 165
203 165
226 165
161 167
164 167
170 167
351 168
86 169
87 169
223 169
133 170
161 170
164 170
165 170
167 170
133 172
152 172
181 172
133 174
189 174
192 174
194 174
2 177
7 177
20 177
22 177
24 177
30 177
31 177
37 177
39 177
41 177
42 177
46 177
50 177
53 177
69 177
71 177
133 177
192 177
194 177
295 177
296 177
303 177
305 177
308 177
309 177
311 177
313 177
335 177
339 177
370 177
5 178
6 178
7 178
22 178
23 178
26 178
54 178
66 178
69 178
71 178
146 178
286 178
303 178
305 178
308 178
23 180
26 180
43 180
53 180
54 180
66 180
133 180
181 180
23 181
24 181
43 181
53 181
54 181
62 181
63 181
66 181
71 181
78 181
133 181
138 181
152 181
153 181
161 181
162 181
218 181
223 181
380 181
292 184
292 185
323 185
339 185
78 186
308 186
311 186
313 186
315 186
316 186
320 186
323 186
333 186
334 186
339 186
311 187
323 187
335 187
337 187
339 187
133 188
138 188
162 188
189 188
333 188
24 189
43 189
53 189
66 189
69 189
133 189
146 189
152 189
192 189
194 189
320 189
333 189
334 189
24 192
31 192
43 192
50 192
65 192
66 192
69 192
71 192
152 192
194 192
196 192
43 193
24 194
43 194
54 194
66 194
69 194
133 194
142 194
143 194
146 194
150 194
180 194
186 194
188 194
189 194
192 194
196 194
198 194
206 194
333 194
334 194
6 196
7 196
10 196
23 196
26 196
28 196
43 196
50 196
53 196
69 196
71 196
130 196
142 196
146 196
192 196
194 196
198 196
206 196
218 196
223 196
264 196
303 196
305 196
312 196
333 196
334 196
339 196
121 197
128 197
130 197
142 197
143 197
146 197
150 197
161 197
162 197
174 197
177 197
178 197
189 197
194 197
196 197
198 197
201 197
204 197
206 197
207 197
208 197
209 197
215 197
263 197
276 197
286 197
128 198
130 198
139 198
142 198
143 198
146 198
161 198
162 198
164 198
165 198
174 198
177 198
180 198
189 198
192 198
194 198
196 198
197 198
201 198
203 198
206 198
207 198
208 198
218 198
223 198
276 198
286 198
333 198
91 201
92 201
100 201
104 201
130 201
133 201
134 201
135 201
136 201
137 201
142 201
143 201
192 201
196 201
206 201
262 201
263 201
338 201
70 202
73 202
133 202
138 202
142 202
143 202
150 202
73 203
83 203
91 203
98 203
107 203
133 203
152 203
157 203
192 203
196 203
201 203
206 203
226 203
228 203
263 203
83 204
91 204
98 204
107 204
133 204
196 204
201 204
206 204
228 204
263 204
70 206
73 206
92 206
100 206
128 206
130 206
133 206
135 206
142 206
143 206
150 206
161 206
162 206
164 206
165 206
174 206
177 206
178 206
180 206
186 206
189 206
192 206
194 206
196 206
197 206
198 206
201 206
203 206
204 206
207 206
208 206
209 206
215 206
216 206
218 206
223 206
263 206
276 206
286 206
178 207
201 207
203 207
204 207
206 207
209 207
263 207
128 208
142 208
143 208
164 208
165 208
177 208
192 208
194 208
196 208
197 208
198 208
201 208
206 208
207 208
219 208
286 208
201 209
263 209
121 213
121 214
121 215
2 216
83 216
91 216
92 216
100 216
201 216
203 216
207 216
214 216
226 216
228 216
235 216
261 216
262 216
263 216
264 216
266 216
271 216
272 216
283 216
284 216
285 216
343 216
349 216
370 216
2 218
133 218
161 218
162 218
164 218
196 218
219 218
223 218
370 218
161 219
162 219
164 219
218 219
133 220
272 221
66 223
133 223
181 223
196 223
218 223
235 223
57 225
91 225
226 225
56 226
57 226
83 226
91 226
10 227
22 227
63 227
83 227
87 227
89 227
90 227
91 227
100 227
101 227
106 227
134 227
164 227
203 227
216 227
225 227
226 227
228 227
235 227
241 227
242 227
244 227
250 227
252 227
253 227
255 227
344 227
345 227
350 227
351 227
354 227
355 227
362 227
382 227
51 228
56 228
57 228
83 228
89 228
90 228
91 228
92 228
95 228
98 228
100 228
104 228
107 228
134 228
136 228
137 228
201 228
203 228
204 228
216 228
221 228
225 228
226 228
227 228
235 228
241 228
242 228
244 228
245 228
250 228
252 228
253 228
255 228
271 228
344 228
345 228
350 228
351 228
354 228
362 228
382 228
218 232
221 232
223 232
235 232
237 232
238 232
252 232
253 232
256 232
257 232
261 232
263 232
266 232
92 233
134 233
213 233
214 233
215 233
216 233
218 233
221 233
223 233
235 233
237 233
238 233
252 233
253 233
256 233
257 233
261 233
263 233
266 233
91 235
223 235
226 235
228 235
246 235
252 235
261 235
289 235
343 235
344 235
349 235
352 235
380 235
91 237
218 237
221 237
223 237
235 237
238 237
246 237
252 237
253 237
255 237
256 237
257 237
263 237
266 237
289 237
344 237
345 237
352 237
358 237
92 238
134 238
213 238
214 238
216 238
218 238
221 238
223 238
235 238
237 238
252 238
253 238
255 238
256 238
257 238
263 238
289 238
344 238
345 238
351 238
352 238
354 238
355 238
357 238
358 238
361 238
362 238
366 238
368 238
83 241
91 241
226 241
228 241
83 242
91 242
107 242
226 242
228 242
91 244
226 244
228 244
83 245
228 245
289 246
91 250
107 250
226 250
228 250
235 250
246 250
91 251
246 251
91 252
107 252
228 252
235 252
237 252
238 252
246 252
263 252
264 252
370 252
91 253
107 253
226 253
228 253
235 253
237 253
238 253
246 253
235 254
251 254
261 254
264 254
266 254
268 254
349 254
352 254
354 254
380 254
91 255
226 255
228 255
235 255
238 255
91 256
235 256
237 256
246 256
263 256
91 257
213 257
214 257
215 257
216 257
221 257
226 257
235 257
237 257
238 257
246 257
263 257
283 257
380 257
382 257
91 259
107 259
91 260
107 260
91 261
107 261
233 261
289 261
349 261
350 261
250 262
252 262
257 262
289 262
2 263
91 263
134 263
215 263
218 263
221 263
223 263
235 263
237 263
238 263
252 263
253 263
256 263
257 263
261 263
266 263
289 263
303 263
305 263
344 263
351 263
352 263
370 263
121 264
196 264
250 264
252 264
257 264
289 264
232 266
233 266
235 266
250 266
252 266
257 266
263 266
289 266
346 266
348 266
349 266
350 266
235 267
250 267
252 267
253 267
255 267
256 267
257 267
250 268
252 268
257 268
346 268
349 268
19 271
30 271
31 271
104 271
114 271
275 271
276 271
278 271
280 271
284 271
285 271
306 271
308 271
221 272
271 272
275 272
283 272
284 272
286 272
19 275
271 275
272 275
278 275
283 275
19 276
30 276
31 276
104 276
114 276
271 276
272 276
275 276
278 276
279 276
280 276
286 276
306 276
19 278
30 278
100 278
104 278
113 278
114 278
130 278
271 278
275 278
276 278
280 278
113 279
114 279
100 280
104 280
113 280
114 280
130 280
19 283
30 283
92 283
219 283
221 283
271 283
272 283
275 283
276 283
278 283
284 283
285 283
286 283
303 283
305 283
306 283
308 283
19 284
31 284
92 284
104 284
110 284
114 284
216 284
221 284
271 284
272 284
283 284
285 284
303 284
305 284
306 284
308 284
309 284
19 285
31 285
92 285
104 285
216 285
271 285
272 285
284 285
303 285
305 285
306 285
308 285
30 286
31 286
192 286
196 286
197 286
215 286
235 286
263 286
271 286
272 286
275 286
279 286
303 286
305 286
306 286
308 286
235 289
237 289
238 289
246 289
262 289
263 289
264 289
266 289
285 289
291 289
292 289
295 289
298 289
299 289
343 289
349 289
358 289
295 291
184 292
185 292
289 292
295 292
296 292
298 292
299 292
309 292
311 292
313 292
289 295
308 295
309 295
313 295
343 295
349 295
289 296
184 298
309 298
311 298
313 298
320 298
323 298
325 298
329 298
336 298
339 298
263 299
289 299
291 299
292 299
308 299
309 299
313 299
323 299
325 299
329 299
336 299
339 299
178 303
215 303
263 303
283 303
284 303
285 303
286 303
305 303
306 303
313 303
315 303
316 303
178 304
306 304
178 305
263 305
303 305
306 305
178 306
192 306
215 306
221 306
263 306
271 306
275 306
283 306
284 306
285 306
286 306
177 308
192 308
289 308
178 309
289 309
306 309
36 311
37 311
38 311
39 311
47 311
48 311
178 311
185 311
186 311
187 311
189 311
303 311
309 311
313 311
315 311
316 311
320 311
323 311
325 311
333 311
334 311
335 311
337 311
339 311
343 311
196 312
339 312
178 313
186 313
263 313
289 313
291 313
292 313
303 313
306 313
311 313
315 313
316 313
320 313
323 313
325 313
335 313
339 313
186 315
303 315
311 315
313 315
320 315
325 315
335 315
337 315
339 315
113 316
129 316
184 316
185 316
186 316
187 316
189 316
203 316
204 316
263 316
303 316
304 316
305 316
306 316
309 316
311 316
313 316
320 316
323 316
325 316
335 316
339 316
186 320
189 320
311 320
313 320
315 320
316 320
323 320
334 320
335 320
337 320
339 320
339 322
185 323
187 323
311 323
316 323
320 323
329 323
336 323
339 323
178 325
311 325
313 325
316 325
339 325
339 327
339 328
323 329
339 330
339 331
133 333
142 333
143 333
150 333
186 333
189 333
192 333
194 333
196 333
198 333
334 333
20 334
31 334
37 334
38 334
39 334
311 334
313 334
327 334
328 334
330 334
331 334
333 334
337 334
339 334
380 334
187 335
316 335
320 335
323 335
333 335
334 335
323 336
339 336
20 337
35 337
38 337
45 337
47 337
48 337
187 337
263 337
296 337
308 337
309 337
311 337
320 337
325 337
334 337
339 337
343 337
380 337
381 337
339 338
20 339
37 339
38 339
39 339
47 339
48 339
196 339
296 339
311 339
315 339
316 339
320 339
323 339
334 339
336 339
337 339
343 339
289 343
295 343
344 343
351 343
104 344
238 344
263 344
343 344
345 344
346 344
347 344
348 344
350 344
351 344
365 344
367 344
368 344
91 345
216 345
226 345
228 345
235 345
237 345
238 345
246 345
344 345
346 345
347 345
348 345
350 345
365 345
367 345
368 345
345 346
347 346
348 346
350 346
345 347
346 347
348 347
350 347
345 348
346 348
347 348
350 348
261 349
266 349
289 349
295 349
343 349
344 349
351 349
346 350
347 350
348 350
365 350
367 350
368 350
91 351
216 351
226 351
228 351
235 351
237 351
238 351
246 351
343 351
344 351
365 351
367 351
368 351
238 352
343 352
345 352
346 352
347 352
348 352
350 352
351 352
365 352
367 352
368 352
346 353
347 353
348 353
350 353
367 353
91 354
226 354
228 354
343 354
344 354
346 354
347 354
348 354
350 354
351 354
365 354
367 354
91 355
226 355
228 355
238 355
289 355
343 355
344 355
345 355
346 355
347 355
348 355
350 355
351 355
365 355
367 355
343 357
344 357
347 357
348 357
351 357
365 357
367 357
368 357
238 358
266 358
343 358
344 358
346 358
347 358
348 358
350 358
351 358
365 358
367 358
368 358
346 360
347 360
348 360
350 360
365 360
367 360
368 360
238 361
346 361
348 361
365 361
367 361
368 361
238 362
346 362
347 362
348 362
350 362
365 362
367 362
91 365
92 365
216 365
218 365
221 365
223 365
235 365
237 365
238 365
263 365
345 365
346 365
348 365
350 365
367 365
368 365
369 365
380 365
381 365
91 366
92 366
216 366
218 366
221 366
223 366
235 366
237 366
238 366
263 366
346 366
348 366
350 366
365 366
368 366
91 367
92 367
216 367
218 367
221 367
223 367
235 367
237 367
238 367
263 367
347 367
350 367
365 367
368 367
369 367
380 367
381 367
91 368
92 368
216 368
218 368
221 368
223 368
235 368
237 368
238 368
263 368
346 368
348 368
365 368
367 368
142 369
375 369
376 369
83 370
89 370
90 370
91 370
92 370
95 370
98 370
100 370
101 370
103 370
104 370
106 370
107 370
134 370
136 370
137 370
201 370
203 370
216 370
225 370
226 370
227 370
228 370
375 372
376 372
379 372
101 375
216 375
235 375
263 375
339 375
177 376
181 376
192 376
194 376
311 376
313 376
323 376
339 376
369 376
381 376
83 378
89 378
90 378
91 378
92 378
95 378
98 378
100 378
101 378
103 378
104 378
106 378
107 378
134 378
136 378
137 378
142 378
180 378
181 378
189 378
192 378
194 378
196 378
198 378
201 378
203 378
225 378
226 378
227 378
228 378
235 378
142 379
172 379
180 379
181 379
189 379
192 379
194 379
196 379
198 379
311 379
339 379
142 380
181 380
339 381
238 382
370 382
