1 2
2 3
2 4
4 5
5 6
5 7
5 8
5 9
4 10
10 11
10 12
10 13
10 14
14 15
14 16
14 17
14 18
4 19
19 20
19 21
4 22
22 23
22 24
22 25
22 26
26 27
26 28
4 29
4 30
30 31
30 32
4 33
4 34
34 35
35 36
35 37
35 38
35 39
35 40
34 41
41 42
41 43
34 44
34 45
45 46
45 47
45 48
45 49
4 50
50 51
50 52
50 53
53 54
53 55
50 56
56 57
56 58
4 59
59 60
59 61
61 62
61 63
61 64
61 65
65 66
65 67
59 68
68 69
68 70
68 71
68 72
59 73
73 74
73 75
73 76
1 77
77 78
78 79
78 80
80 81
81 82
82 83
82 84
81 85
81 86
86 87
86 88
81 89
89 90
89 91
89 92
80 93
80 94
94 95
95 96
95 97
95 98
95 99
94 100
100 101
100 102
100 103
100 104
100 105
94 106
106 107
106 108
94 109
109 110
109 111
109 112
94 113
113 114
113 115
113 116
113 117
113 118
113 119
113 120
120 121
120 122
80 123
123 124
124 125
125 126
125 127
124 128
128 129
128 130
123 131
78 132
132 133
133 134
133 135
133 136
133 137
133 138
133 139
132 140
132 141
132 142
142 143
142 144
132 145
145 146
146 147
146 148
145 149
145 150
145 151
78 152
152 153
152 154
152 155
152 156
152 157
152 158
77 159
159 160
160 161
161 162
161 163
160 164
164 165
164 166
159 167
167 168
167 169
159 170
159 171
159 172
172 173
172 174
172 175
172 176
176 177
177 178
177 179
176 180
180 181
180 182
159 183
183 184
184 185
184 186
183 187
183 188
183 189
183 190
159 191
191 192
192 193
192 194
192 195
191 196
196 197
196 198
196 199
77 200
200 201
201 202
201 203
201 204
201 205
200 206
206 207
206 208
206 209
206 210
200 211
211 212
212 213
212 214
212 215
211 216
200 217
77 218
218 219
218 220
218 221
218 222
218 223
223 224
223 225
225 226
225 227
225 228
225 229
77 230
230 231
231 232
232 233
232 234
231 235
235 236
235 237
237 238
237 239
237 240
240 241
241 242
241 243
241 244
244 245
244 246
240 247
230 248
248 249
249 250
250 251
250 252
249 253
249 254
249 255
249 256
249 257
249 258
248 259
259 260
259 261
248 262
248 263
248 264
248 265
230 266
266 267
266 268
266 269
230 270
270 271
271 272
271 273
271 274
274 275
275 276
275 277
274 278
278 279
278 280
278 281
270 282
282 283
283 284
283 285
283 286
282 287
230 288
288 289
289 290
289 291
291 292
291 293
288 294
294 295
295 296
295 297
294 298
298 299
298 300
230 301
301 302
302 303
303 304
303 305
303 306
302 307
301 308
308 309
308 310
301 311
311 312
311 313
311 314
311 315
315 316
315 317
77 318
318 319
319 320
320 321
320 322
322 323
322 324
320 325
325 326
325 327
327 328
327 329
325 330
320 331
320 332
320 333
333 334
333 335
320 336
319 337
318 338
318 339
318 340
1 341
341 342
342 343
343 344
343 345
343 346
343 347
343 348
343 349
343 350
343 351
343 352
342 353
342 354
342 355
342 356
342 357
357 358
357 359
357 360
360 361
360 362
360 363
342 364
364 365
365 366
365 367
364 368
364 369
341 370
341 371
341 372
341 373
341 374
374 375
375 376
375 377
374 378
378 379
378 380
341 381
1 382
1 383
