87 79
88 79
93 83
101 83
92 84
93 84
96 84
99 84
101 84
102 84
104 84
105 84
107 84
108 84
79 87
88 87
114 87
134 87
140 87
79 88
90 88
134 88
84 90
88 90
91 90
92 90
93 90
96 90
99 90
101 90
102 90
104 90
105 90
107 90
108 90
135 90
137 90
138 90
84 91
88 91
90 91
92 91
93 91
96 91
101 91
102 91
104 91
105 91
107 91
108 91
135 91
84 92
90 92
91 92
93 92
96 92
99 92
101 92
102 92
104 92
105 92
107 92
108 92
137 92
138 92
83 93
84 93
85 93
90 93
92 93
96 93
97 93
98 93
99 93
101 93
108 93
110 93
111 93
112 93
114 93
115 93
131 93
84 96
92 96
93 97
101 97
93 98
84 99
90 99
91 99
92 99
93 99
96 99
101 99
102 99
105 99
107 99
108 99
135 99
138 99
84 101
88 101
90 101
91 101
92 101
93 101
96 101
99 101
102 101
104 101
105 101
107 101
108 101
114 101
135 101
137 101
138 101
143 101
88 102
90 102
91 102
92 102
96 102
99 102
101 102
104 102
105 102
107 102
118 102
135 102
137 102
138 102
93 103
121 103
126 103
127 103
134 103
140 103
84 104
90 104
91 104
92 104
96 104
101 104
102 104
105 104
107 104
108 104
135 104
137 104
138 104
143 104
90 105
91 105
92 105
93 105
96 105
97 105
99 105
101 105
102 105
104 105
107 105
108 105
114 105
115 105
131 105
137 105
138 105
143 105
84 107
90 107
91 107
92 107
93 107
96 107
99 107
101 107
102 107
104 107
105 107
108 107
135 107
137 107
138 107
84 108
91 108
92 108
93 108
96 108
99 108
101 108
107 108
93 110
114 110
131 110
93 111
101 111
105 111
112 111
114 111
115 111
131 111
93 112
101 112
105 112
111 112
114 112
115 112
131 112
101 114
105 114
115 114
116 114
131 114
134 114
137 114
138 114
139 114
143 114
147 114
93 115
114 115
116 115
131 115
147 115
114 116
115 116
117 116
118 116
119 116
131 116
137 116
138 116
143 116
147 116
116 117
116 118
147 118
116 119
147 119
87 121
103 121
127 121
140 121
93 122
103 122
126 122
129 122
131 122
143 122
134 126
103 129
121 129
122 129
126 129
131 129
143 129
93 131
103 131
105 131
110 131
111 131
115 131
116 131
122 131
127 131
134 131
143 131
114 134
135 134
139 134
92 135
134 135
139 135
116 137
147 137
92 138
116 138
147 138
114 139
134 139
135 139
134 140
116 143
127 143
131 143
134 143
144 143
147 143
151 143
131 144
134 144
139 144
143 144
147 144
151 144
114 147
115 147
116 147
118 147
119 147
137 147
138 147
143 147
144 147
148 147
147 148
114 151
115 151
131 151
134 151
139 151
143 151
144 151
