87 79
88 79
89 79
100 79
132 79
85 82
89 82
93 82
95 82
100 82
101 82
105 82
106 82
109 82
111 82
112 82
113 82
114 82
115 82
123 82
89 83
93 83
95 83
101 83
92 84
93 84
96 84
99 84
101 84
102 84
104 84
105 84
107 84
108 84
109 84
113 84
125 84
79 87
88 87
89 87
100 87
113 87
114 87
132 87
133 87
134 87
140 87
145 87
79 88
90 88
134 88
88 89
93 89
101 89
113 89
114 89
135 89
137 89
84 90
88 90
91 90
92 90
93 90
96 90
99 90
101 90
102 90
104 90
105 90
107 90
108 90
109 90
113 90
125 90
135 90
137 90
138 90
142 90
84 91
88 91
90 91
92 91
93 91
96 91
101 91
102 91
104 91
105 91
107 91
108 91
135 91
84 92
90 92
91 92
93 92
96 92
99 92
101 92
102 92
104 92
105 92
107 92
108 92
109 92
113 92
125 92
137 92
138 92
142 92
81 93
82 93
83 93
84 93
85 93
89 93
90 93
92 93
95 93
96 93
97 93
98 93
99 93
100 93
101 93
106 93
108 93
109 93
110 93
111 93
112 93
113 93
114 93
115 93
131 93
142 94
145 94
151 94
81 95
82 95
88 95
89 95
93 95
100 95
101 95
106 95
109 95
113 95
114 95
115 95
116 95
123 95
131 95
84 96
92 96
93 97
101 97
113 97
93 98
113 98
84 99
90 99
91 99
92 99
93 99
96 99
101 99
102 99
105 99
107 99
108 99
109 99
113 99
125 99
135 99
138 99
116 100
133 100
143 100
145 100
81 101
84 101
88 101
89 101
90 101
91 101
92 101
93 101
95 101
96 101
99 101
102 101
104 101
105 101
107 101
108 101
109 101
113 101
114 101
123 101
125 101
135 101
137 101
138 101
142 101
143 101
145 101
88 102
90 102
91 102
92 102
96 102
99 102
101 102
104 102
105 102
107 102
113 102
118 102
123 102
125 102
135 102
137 102
138 102
142 102
89 103
93 103
95 103
106 103
109 103
113 103
121 103
126 103
127 103
132 103
134 103
140 103
84 104
90 104
91 104
92 104
96 104
101 104
102 104
105 104
107 104
108 104
109 104
113 104
123 104
125 104
135 104
137 104
138 104
142 104
143 104
81 105
82 105
89 105
90 105
91 105
92 105
93 105
95 105
96 105
97 105
99 105
101 105
102 105
104 105
106 105
107 105
108 105
109 105
113 105
114 105
115 105
123 105
125 105
131 105
137 105
138 105
142 105
143 105
81 106
82 106
89 106
91 106
92 106
93 106
95 106
96 106
97 106
99 106
100 106
101 106
102 106
104 106
109 106
113 106
114 106
115 106
116 106
125 106
131 106
84 107
90 107
91 107
92 107
93 107
96 107
99 107
101 107
102 107
104 107
105 107
108 107
113 107
125 107
135 107
137 107
138 107
84 108
91 108
92 108
93 108
96 108
99 108
101 108
107 108
109 108
113 108
82 109
84 109
89 109
92 109
93 109
95 109
103 109
106 109
113 109
116 109
122 109
129 109
131 109
143 109
145 109
93 110
95 110
113 110
114 110
131 110
81 111
82 111
89 111
93 111
95 111
100 111
101 111
105 111
106 111
112 111
113 111
114 111
115 111
123 111
125 111
131 111
133 111
142 111
145 111
82 112
89 112
93 112
95 112
100 112
101 112
105 112
111 112
113 112
114 112
115 112
123 112
131 112
142 112
82 113
84 113
92 113
93 113
95 113
103 113
106 113
109 113
124 113
125 113
127 113
128 113
129 113
131 113
133 113
143 113
145 113
151 113
100 114
101 114
105 114
115 114
116 114
125 114
131 114
133 114
134 114
137 114
138 114
139 114
142 114
143 114
147 114
93 115
95 115
109 115
114 115
116 115
128 115
131 115
142 115
147 115
95 116
100 116
106 116
109 116
114 116
115 116
117 116
118 116
119 116
125 116
128 116
131 116
137 116
138 116
143 116
147 116
116 117
116 118
147 118
116 119
147 119
87 121
89 121
103 121
106 121
127 121
132 121
140 121
82 122
89 122
93 122
95 122
103 122
106 122
109 122
126 122
129 122
131 122
143 122
143 123
113 124
111 125
113 125
114 125
116 125
131 125
133 125
142 125
134 126
95 128
97 128
100 128
103 128
109 128
113 128
114 128
115 128
116 128
125 128
127 128
131 128
134 128
136 128
142 128
143 128
145 128
147 128
103 129
109 129
113 129
121 129
122 129
126 129
131 129
143 129
82 131
89 131
93 131
95 131
103 131
105 131
109 131
110 131
111 131
113 131
115 131
116 131
122 131
125 131
127 131
134 131
142 131
143 131
145 131
79 132
87 133
95 133
100 133
101 133
113 133
114 133
123 133
128 133
142 133
143 133
145 133
146 133
151 133
113 134
114 134
135 134
139 134
146 134
92 135
134 135
139 135
116 137
147 137
92 138
116 138
147 138
114 139
134 139
135 139
134 140
113 142
114 142
125 142
128 142
131 142
100 143
109 143
113 143
116 143
123 143
124 143
125 143
127 143
128 143
131 143
133 143
134 143
144 143
145 143
146 143
147 143
151 143
113 144
131 144
133 144
134 144
139 144
143 144
145 144
146 144
147 144
151 144
94 145
100 145
101 145
105 145
109 145
113 145
125 145
128 145
131 145
133 145
134 145
135 145
136 145
137 145
138 145
139 145
143 145
144 145
133 146
134 146
139 146
143 146
144 146
151 146
114 147
115 147
116 147
118 147
119 147
128 147
137 147
138 147
143 147
144 147
148 147
147 148
113 151
114 151
115 151
131 151
134 151
139 151
143 151
144 151
146 151
