80 81
81 82
82 83
82 84
81 85
81 86
86 87
86 88
81 89
89 90
89 91
89 92
80 93
80 94
94 95
95 96
95 97
95 98
95 99
94 100
100 101
100 102
100 103
100 104
100 105
94 106
106 107
106 108
94 109
109 110
109 111
109 112
94 113
113 114
113 115
113 116
113 117
113 118
113 119
113 120
120 121
120 122
80 123
123 124
124 125
125 126
125 127
124 128
128 129
128 130
123 131
132 133
133 134
133 135
133 136
133 137
133 138
133 139
132 140
132 141
132 142
142 143
142 144
132 145
145 146
146 147
146 148
145 149
145 150
145 151
