105 3
92 8
92 9
92 17
143 23
143 24
143 25
144 25
153 25
157 25
158 25
144 26
153 26
158 26
143 27
102 33
144 33
153 33
157 33
158 33
105 34
114 34
143 41
153 41
157 41
158 41
153 44
85 50
87 50
88 50
92 50
93 50
143 50
144 50
153 50
157 50
158 50
93 52
93 54
143 54
143 55
92 56
93 56
143 60
144 60
153 60
153 61
153 65
157 65
158 65
153 66
153 67
153 68
157 68
158 68
144 69
101 71
105 71
134 71
135 71
139 71
144 71
151 71
153 71
143 72
144 72
153 72
102 73
144 73
143 74
153 75
157 75
158 75
92 76
93 76
101 76
105 76
134 76
143 76
151 76
87 79
88 79
85 82
93 82
101 82
105 82
111 82
112 82
114 82
115 82
89 83
93 83
95 83
101 83
8 84
9 84
74 84
76 84
92 84
93 84
96 84
99 84
101 84
102 84
104 84
105 84
107 84
108 84
109 84
113 84
125 84
204 84
205 84
217 84
226 84
227 84
228 84
229 84
232 84
242 84
243 84
246 84
253 84
254 84
257 84
258 84
259 84
260 84
261 84
264 84
269 84
282 84
345 84
346 84
352 84
364 84
201 85
218 85
79 87
88 87
89 87
100 87
113 87
114 87
132 87
133 87
134 87
140 87
145 87
162 87
163 87
164 87
167 87
170 87
180 87
203 87
206 87
219 87
221 87
224 87
225 87
50 88
64 88
79 88
90 88
134 88
170 88
182 88
226 88
227 88
364 88
88 89
93 89
101 89
114 89
135 89
137 89
84 90
88 90
91 90
92 90
93 90
96 90
99 90
101 90
102 90
104 90
105 90
107 90
108 90
109 90
113 90
125 90
135 90
137 90
138 90
142 90
160 90
165 90
204 90
217 90
224 90
226 90
227 90
228 90
229 90
237 90
282 90
288 90
84 91
88 91
90 91
92 91
93 91
96 91
101 91
102 91
104 91
105 91
107 91
108 91
135 91
202 91
204 91
217 91
226 91
227 91
228 91
229 91
236 91
242 91
243 91
245 91
8 92
27 92
30 92
50 92
57 92
58 92
84 92
90 92
91 92
93 92
96 92
99 92
101 92
102 92
104 92
105 92
107 92
108 92
109 92
113 92
125 92
137 92
138 92
142 92
202 92
204 92
205 92
217 92
222 92
226 92
227 92
228 92
229 92
232 92
236 92
237 92
242 92
243 92
245 92
249 92
250 92
251 92
252 92
253 92
254 92
256 92
257 92
258 92
259 92
260 92
261 92
262 92
264 92
267 92
269 92
282 92
288 92
343 92
345 92
346 92
352 92
357 92
363 92
364 92
383 92
5 93
7 93
8 93
9 93
10 93
11 93
13 93
15 93
16 93
17 93
18 93
22 93
23 93
24 93
25 93
27 93
28 93
31 93
32 93
41 93
50 93
51 93
52 93
54 93
56 93
60 93
68 93
73 93
76 93
81 93
82 93
83 93
84 93
85 93
89 93
90 93
92 93
95 93
96 93
97 93
98 93
99 93
100 93
101 93
106 93
108 93
109 93
110 93
111 93
112 93
113 93
114 93
115 93
131 93
178 93
201 93
202 93
204 93
205 93
206 93
208 93
210 93
215 93
217 93
219 93
222 93
224 93
225 93
227 93
229 93
232 93
236 93
240 93
241 93
243 93
244 93
246 93
249 93
259 93
262 93
264 93
265 93
267 93
272 93
273 93
274 93
276 93
278 93
282 93
284 93
285 93
286 93
288 93
301 93
303 93
309 93
333 93
340 93
343 93
344 93
350 93
353 93
357 93
358 93
364 93
151 94
88 95
93 95
101 95
114 95
115 95
116 95
131 95
84 96
92 96
227 96
229 96
93 97
101 97
113 97
93 98
113 98
84 99
90 99
91 99
92 99
93 99
96 99
101 99
102 99
105 99
107 99
108 99
109 99
113 99
125 99
135 99
138 99
202 99
204 99
226 99
227 99
228 99
229 99
242 99
243 99
245 99
246 99
259 99
282 99
116 100
143 100
5 101
8 101
10 101
11 101
13 101
15 101
16 101
17 101
18 101
22 101
23 101
24 101
31 101
34 101
41 101
50 101
51 101
54 101
56 101
57 101
58 101
60 101
68 101
73 101
76 101
81 101
84 101
88 101
89 101
90 101
91 101
92 101
93 101
95 101
96 101
99 101
102 101
104 101
105 101
107 101
108 101
109 101
113 101
114 101
123 101
125 101
135 101
137 101
138 101
142 101
143 101
145 101
160 101
167 101
178 101
180 101
182 101
201 101
202 101
204 101
206 101
217 101
219 101
222 101
224 101
225 101
226 101
227 101
228 101
229 101
232 101
236 101
237 101
241 101
242 101
243 101
245 101
246 101
264 101
272 101
279 101
281 101
282 101
288 101
290 101
293 101
296 101
297 101
303 101
309 101
310 101
343 101
344 101
345 101
346 101
350 101
351 101
352 101
354 101
88 102
90 102
91 102
92 102
96 102
99 102
101 102
104 102
105 102
107 102
113 102
118 102
123 102
125 102
135 102
137 102
138 102
142 102
160 102
165 102
167 102
177 102
180 102
189 102
202 102
204 102
205 102
219 102
226 102
227 102
228 102
229 102
243 102
246 102
282 102
288 102
383 102
89 103
93 103
95 103
106 103
109 103
113 103
121 103
126 103
127 103
132 103
134 103
140 103
201 103
237 103
290 103
293 103
296 103
84 104
90 104
91 104
92 104
96 104
101 104
102 104
105 104
107 104
108 104
109 104
113 104
123 104
125 104
135 104
137 104
138 104
142 104
143 104
160 104
202 104
204 104
226 104
227 104
282 104
288 104
5 105
8 105
10 105
11 105
16 105
17 105
18 105
22 105
23 105
24 105
25 105
26 105
31 105
32 105
34 105
41 105
50 105
51 105
54 105
55 105
56 105
68 105
73 105
76 105
81 105
82 105
89 105
90 105
91 105
92 105
93 105
95 105
96 105
97 105
99 105
101 105
102 105
104 105
106 105
107 105
108 105
109 105
113 105
114 105
115 105
123 105
125 105
131 105
137 105
138 105
142 105
143 105
160 105
167 105
178 105
185 105
186 105
201 105
202 105
204 105
205 105
206 105
222 105
226 105
227 105
229 105
232 105
237 105
241 105
243 105
246 105
272 105
276 105
278 105
279 105
281 105
282 105
284 105
285 105
286 105
288 105
290 105
292 105
293 105
296 105
297 105
298 105
303 105
309 105
310 105
343 105
91 106
92 106
93 106
96 106
97 106
99 106
101 106
102 106
104 106
114 106
115 106
116 106
131 106
84 107
90 107
91 107
92 107
93 107
96 107
99 107
101 107
102 107
104 107
105 107
108 107
113 107
125 107
135 107
137 107
138 107
204 107
217 107
226 107
227 107
229 107
236 107
243 107
8 108
84 108
91 108
92 108
93 108
96 108
99 108
101 108
107 108
109 108
113 108
204 108
205 108
208 108
210 108
214 108
215 108
216 108
217 108
227 108
229 108
232 108
243 108
249 108
253 108
254 108
257 108
258 108
260 108
261 108
262 108
264 108
269 108
282 108
346 108
352 108
364 108
84 109
92 109
93 109
103 109
116 109
122 109
129 109
131 109
143 109
93 110
95 110
113 110
114 110
131 110
81 111
82 111
89 111
93 111
95 111
100 111
101 111
105 111
106 111
112 111
113 111
114 111
115 111
123 111
125 111
131 111
133 111
142 111
145 111
193 111
198 111
201 111
203 111
206 111
212 111
217 111
222 111
224 111
232 111
236 111
244 111
264 111
276 111
284 111
285 111
286 111
82 112
89 112
93 112
95 112
100 112
101 112
105 112
111 112
113 112
114 112
115 112
123 112
131 112
142 112
201 112
203 112
217 112
244 112
264 112
272 112
284 112
285 112
286 112
84 113
92 113
93 113
103 113
127 113
129 113
131 113
143 113
151 113
10 114
11 114
14 114
17 114
20 114
22 114
23 114
24 114
26 114
31 114
32 114
34 114
35 114
41 114
45 114
50 114
54 114
55 114
56 114
60 114
65 114
68 114
73 114
76 114
100 114
101 114
105 114
115 114
116 114
125 114
131 114
133 114
134 114
137 114
138 114
139 114
142 114
143 114
147 114
160 114
167 114
178 114
185 114
186 114
201 114
206 114
279 114
280 114
281 114
287 114
292 114
293 114
296 114
297 114
303 114
309 114
310 114
312 114
344 114
350 114
22 115
24 115
27 115
41 115
50 115
51 115
54 115
73 115
76 115
93 115
95 115
109 115
114 115
116 115
128 115
131 115
142 115
147 115
272 115
274 115
277 115
279 115
280 115
281 115
284 115
287 115
95 116
100 116
106 116
109 116
114 116
115 116
117 116
118 116
119 116
125 116
128 116
131 116
137 116
138 116
143 116
147 116
178 116
197 116
198 116
201 116
206 116
212 116
213 116
216 116
217 116
224 116
248 116
278 116
284 116
287 116
303 116
307 116
309 116
320 116
116 117
116 118
147 118
116 119
147 119
87 121
89 121
103 121
106 121
127 121
132 121
140 121
181 121
182 121
184 121
205 121
82 122
89 122
93 122
95 122
103 122
106 122
109 122
126 122
129 122
131 122
143 122
178 122
197 122
201 122
206 122
212 122
216 122
264 122
285 122
303 122
320 122
143 123
111 125
114 125
116 125
131 125
134 126
177 126
184 126
185 126
186 126
187 126
197 126
206 126
288 126
296 126
297 126
298 126
299 126
309 126
310 126
312 126
314 126
315 126
321 126
322 126
325 126
326 126
333 126
340 126
184 127
288 127
97 128
103 128
114 128
115 128
116 128
127 128
131 128
134 128
136 128
143 128
147 128
103 129
109 129
113 129
121 129
122 129
126 129
131 129
143 129
175 129
179 129
184 129
190 129
198 129
206 129
277 129
278 129
284 129
287 129
303 129
307 129
320 129
184 130
10 131
17 131
18 131
22 131
24 131
26 131
27 131
31 131
32 131
41 131
50 131
51 131
53 131
54 131
55 131
60 131
68 131
69 131
73 131
82 131
89 131
93 131
95 131
103 131
105 131
109 131
110 131
111 131
113 131
115 131
116 131
122 131
125 131
127 131
134 131
142 131
143 131
145 131
178 131
179 131
184 131
197 131
198 131
201 131
205 131
206 131
216 131
232 131
264 131
274 131
279 131
281 131
284 131
287 131
303 131
320 131
342 131
153 132
87 133
101 133
114 133
143 133
151 133
153 133
23 134
24 134
25 134
26 134
41 134
44 134
50 134
59 134
60 134
63 134
64 134
66 134
69 134
71 134
72 134
74 134
76 134
113 134
114 134
135 134
139 134
146 134
152 134
153 134
154 134
160 134
167 134
173 134
177 134
180 134
182 134
184 134
185 134
189 134
190 134
192 134
202 134
205 134
263 134
280 134
334 134
335 134
50 135
58 135
74 135
92 135
134 135
139 135
152 135
153 135
201 135
218 135
227 135
24 136
25 136
26 136
44 136
50 136
60 136
66 136
69 136
71 136
72 136
116 137
147 137
227 137
92 138
116 138
147 138
24 139
25 139
26 139
44 139
50 139
54 139
60 139
63 139
64 139
65 139
66 139
69 139
71 139
72 139
74 139
114 139
134 139
135 139
152 139
153 139
154 139
160 139
161 139
167 139
180 139
182 139
186 139
187 139
189 139
190 139
192 139
280 139
134 140
201 141
114 142
131 142
3 143
9 143
11 143
15 143
18 143
22 143
23 143
24 143
25 143
26 143
27 143
31 143
32 143
34 143
41 143
44 143
50 143
51 143
54 143
55 143
59 143
60 143
65 143
66 143
69 143
70 143
71 143
72 143
73 143
74 143
76 143
100 143
109 143
113 143
116 143
123 143
124 143
125 143
127 143
128 143
131 143
133 143
134 143
144 143
145 143
146 143
147 143
151 143
152 143
160 143
177 143
180 143
181 143
184 143
187 143
190 143
192 143
193 143
195 143
197 143
199 143
202 143
203 143
204 143
205 143
206 143
207 143
280 143
301 143
320 143
333 143
334 143
335 143
371 143
381 143
6 144
7 144
8 144
9 144
11 144
22 144
24 144
25 144
26 144
32 144
33 144
34 144
41 144
44 144
50 144
59 144
60 144
63 144
64 144
65 144
66 144
69 144
70 144
71 144
72 144
73 144
74 144
113 144
131 144
133 144
134 144
139 144
143 144
145 144
146 144
147 144
151 144
152 144
153 144
158 144
167 144
174 144
177 144
180 144
185 144
186 144
187 144
189 144
190 144
192 144
193 144
195 144
197 144
199 144
202 144
203 144
204 144
205 144
207 144
280 144
315 144
333 144
334 144
101 145
105 145
131 145
134 145
135 145
136 145
137 145
138 145
139 145
143 145
144 145
153 145
154 145
158 145
134 146
139 146
143 146
144 146
151 146
153 146
154 146
158 146
114 147
115 147
116 147
118 147
119 147
128 147
137 147
138 147
143 147
144 147
148 147
152 147
179 147
190 147
195 147
197 147
198 147
199 147
201 147
206 147
147 148
152 149
153 149
158 149
202 149
204 149
207 149
152 150
153 150
202 150
204 150
207 150
8 151
11 151
22 151
24 151
25 151
26 151
27 151
31 151
32 151
41 151
44 151
50 151
59 151
60 151
65 151
66 151
69 151
70 151
71 151
72 151
73 151
74 151
76 151
113 151
114 151
115 151
131 151
134 151
139 151
143 151
144 151
146 151
178 151
181 151
202 151
203 151
204 151
205 151
206 151
207 151
219 151
224 151
301 151
334 151
134 152
135 152
138 152
139 152
143 152
144 152
147 152
6 153
24 153
25 153
26 153
27 153
32 153
44 153
50 153
51 153
60 153
64 153
65 153
66 153
67 153
68 153
69 153
71 153
72 153
75 153
132 153
133 153
134 153
135 153
139 153
142 153
144 153
145 153
146 153
150 153
160 153
162 153
163 153
164 153
165 153
166 153
167 153
172 153
173 153
182 153
184 153
190 153
192 153
193 153
201 153
202 153
203 153
204 153
207 153
89 154
100 154
132 154
133 154
134 154
139 154
145 154
146 154
162 154
163 154
166 154
167 154
169 154
180 154
182 154
202 154
203 154
207 154
201 155
201 156
24 157
25 157
26 157
41 157
50 157
65 157
68 157
75 157
132 157
153 157
158 157
202 157
204 157
207 157
25 158
26 158
50 158
68 158
75 158
132 158
145 158
146 158
149 158
153 158
167 158
202 158
203 158
207 158
153 160
158 160
139 161
134 162
153 162
134 163
153 163
87 164
153 164
134 165
134 166
87 167
88 167
134 167
139 167
140 167
147 167
153 167
154 167
158 167
87 170
88 170
134 171
114 172
136 172
138 172
134 173
153 173
134 175
114 176
130 176
136 176
138 176
126 177
127 177
130 177
131 177
116 178
134 178
147 179
87 180
135 180
136 180
137 180
138 180
134 181
134 182
139 182
153 182
154 182
126 184
127 184
130 184
131 184
134 184
143 184
116 185
116 186
134 189
139 189
134 190
147 190
153 190
158 192
153 193
134 195
143 195
144 195
147 195
151 195
116 197
131 197
143 197
147 197
116 198
122 198
129 198
131 198
143 198
144 198
147 198
151 198
129 199
131 199
140 199
143 199
144 199
147 199
85 201
93 201
101 201
114 201
116 201
131 201
135 201
141 201
143 201
144 201
147 201
153 201
155 201
156 201
92 202
93 202
101 202
105 202
131 202
134 202
135 202
136 202
137 202
138 202
143 202
144 202
134 203
139 203
143 203
144 203
151 203
84 204
92 204
99 204
108 204
134 204
153 204
158 204
84 205
92 205
99 205
108 205
134 205
93 206
116 206
122 206
129 206
131 206
147 206
93 207
101 207
129 207
131 207
134 207
136 207
143 207
144 207
151 207
129 209
143 209
144 209
116 212
116 213
122 214
122 215
116 216
122 216
84 217
92 217
93 217
101 217
116 217
134 219
134 221
116 224
134 224
134 225
92 226
84 227
92 227
84 228
88 228
90 228
91 228
92 228
101 228
102 228
107 228
135 228
84 229
90 229
91 229
92 229
93 229
96 229
99 229
101 229
105 229
108 229
135 229
137 229
138 229
92 232
93 234
135 234
92 236
92 237
93 237
108 237
135 237
92 238
93 239
135 239
85 240
85 241
93 241
101 241
84 242
92 242
84 243
92 243
108 243
92 245
84 246
116 248
92 249
93 249
92 251
108 251
92 252
92 253
108 253
92 254
108 254
92 256
92 257
92 258
92 259
108 259
92 260
108 260
92 261
108 261
92 262
108 262
92 264
135 264
122 265
105 272
115 272
105 277
115 277
116 278
101 279
105 279
114 279
115 279
131 279
114 280
115 280
101 281
105 281
114 281
115 281
131 281
93 284
116 284
93 285
105 285
111 285
115 285
93 286
105 286
116 287
92 288
126 288
127 288
126 298
127 298
130 298
93 301
93 302
93 303
111 303
116 303
134 303
116 307
116 309
114 317
130 317
116 320
134 334
143 334
144 334
151 334
108 343
105 345
92 346
92 352
92 355
92 356
92 357
92 364
105 364
92 366
93 366
92 367
93 367
92 368
93 368
92 369
93 369
143 370
84 371
90 371
91 371
92 371
93 371
96 371
99 371
101 371
102 371
104 371
105 371
107 371
108 371
135 371
137 371
138 371
84 375
90 375
91 375
92 375
93 375
96 375
99 375
101 375
102 375
104 375
105 375
107 375
108 375
143 375
102 376
107 378
143 378
84 379
90 379
91 379
92 379
93 379
96 379
99 379
101 379
102 379
104 379
105 379
107 379
108 379
135 379
137 379
138 379
143 379
143 380
143 381